2.60885 1.70475 7.66389
2.03589 1.70916 9.88611
1.94276 1.72263 10.3023
1.96178 1.24628 10.1613
2.10482 1.27478 9.57026
2.156 1.77493 9.45747
2.51421 1.75551 8.08942
2.49487 1.22885 7.95072
2.67571 1.2068 7.41176
2.73318 1.66273 7.26303
2.8599 1.58199 7.18484
2.91096 0.964592 7.20997
3.01004 0.613165 7.05087
3.04074 0.101465 7.40075
2.58702 0.136766 9.00847
2.28334 0.707182 9.53856
2.09153 1.0009 10.4078
1.99269 1.68116 10.4897
4.61992 1.70512 8.19322
4.02461 1.70953 10.4096
3.90075 1.72298 10.8177
3.95377 1.24665 10.6856
4.12025 1.27515 10.1007
4.13106 1.77529 9.97732
4.49279 1.75587 8.6102
4.57808 1.22923 8.49904
4.68601 1.20717 7.94089
4.70906 1.66309 7.7831
4.63728 1.58231 7.65266
4.58068 0.964895 7.64946
4.57288 0.613449 7.46223
4.37408 0.101707 7.7517
3.9775 0.137019 9.37446
3.98067 0.707491 9.98531
3.71959 1.0012 10.8363
3.76505 1.68148 10.9562
