1 36 36
-0.076296 0.760400 20.248865
1.520800 1.636200 3.860000
721.530000 0.000000 609.550000 0.000000 721.530000 172.850000 0.000000 0.000000 1.000000
580.928175 218.656652
581.381569 213.019251
581.834962 216.054774
581.381569 205.213620
581.381569 206.948204
581.381569 218.223005
581.381569 219.523944
580.474781 210.851020
580.021388 209.550082
581.381569 219.523944
581.381569 219.957590
581.381569 206.080912
581.834962 194.806111
585.915506 182.230371
587.275687 182.230371
582.741750 193.938819
582.741750 198.708927
583.195144 214.753836
628.534517 218.223005
629.441305 213.886544
628.081123 216.054774
629.441305 204.779973
629.894698 206.514558
628.987911 219.090298
629.894698 224.294052
630.801486 210.851020
629.894698 212.151959
629.894698 226.462283
628.534517 227.763222
624.000580 196.974342
624.000580 194.806111
619.466642 182.230371
619.920036 181.363079
626.267548 193.938819
624.453974 200.009865
626.720942 213.886544
0.010000
0.010000
0.010000
0.010000
0.010000
0.010000
0.010000
0.010000
0.010000
0.010000
0.010000
0.010000
0.010000
0.010000
0.010000
0.010000
0.010000
0.010000
0.016888
0.016336
0.017041
0.016693
0.016694
0.017291
0.031494
0.016476
0.016295
0.163573
0.102457
0.016415
0.016749
0.015286
0.016294
0.016698
0.016322
0.018025
-1.076418 1.266462 19.188184
-0.688730 1.265633 21.689992
-0.619505 1.329173 22.066697
-0.661314 0.906029 21.964037
-0.755182 0.917192 21.412293
-0.736119 1.364334 21.297091
-1.007401 1.347826 19.571536
-1.066499 0.912974 19.474039
-1.132940 0.892293 18.936278
-1.134681 1.290435 18.803877
-1.100721 1.216036 18.442054
-1.052878 0.573746 18.457526
-0.989730 0.394816 18.816011
-0.799495 -0.021454 19.182194
-0.586642 -0.006060 20.637185
-0.671649 0.475019 21.193628
-0.491439 0.714723 22.166380
-0.521689 1.285465 22.258029
0.561396 1.266462 18.937897
0.938595 1.265633 21.441307
0.985037 1.329173 21.821494
0.994277 0.906029 21.711033
0.919077 0.917192 21.156436
0.866477 1.364334 21.052186
0.610022 1.347826 19.324365
0.637303 0.912974 19.213668
0.540103 0.892293 18.680607
0.502222 1.290435 18.553729
0.361750 1.216036 18.218562
0.320711 0.573746 18.247617
0.367511 0.394816 18.608600
0.295323 -0.021454 19.014886
0.526734 -0.006060 20.467041
0.774049 0.475019 20.972699
0.892588 0.714723 21.954876
0.948829 1.285465 22.033308
0.116008 -0.425003 0.088687 0.106458 -0.423092 0.118866 0.074389 -0.333222 0.044549 0.083161 -0.200311 0.134425 0.086482 -0.244168 0.151712 0.132211 -0.326814 0.192437 0.094011 -0.333850 0.039014 0.132105 -0.168260 0.087837 0.085250 -0.180628 0.098894 0.110230 -0.319007 0.155292 0.095097 -0.321080 -0.176729 0.173855 -0.843411 -0.102845 0.325412 -0.016722 1.985495 0.434670 0.343932 2.421575 0.110746 0.273531 -0.047994 0.018418 0.040604 -0.074735 0.023523 -0.106508 0.180702 0.085866 -0.220059 0.160234 -0.084226 -0.425003 0.119287 -0.066098 -0.423092 0.145236 -0.057689 -0.333222 0.064733 -0.039218 -0.200311 0.153127 -0.037224 -0.244168 0.170616 -0.068703 -0.326814 0.223140 -0.078069 -0.333850 0.065311 -0.099842 -0.168260 0.123283 -0.051824 -0.180628 0.119842 -0.058819 -0.319007 0.181125 -0.143539 -0.321080 -0.140261 -0.196635 -0.843411 -0.046227 0.282430 -0.016722 1.992064 0.308400 0.343932 2.440872 -0.120025 0.273531 -0.012729 -0.039898 0.040604 -0.065824 0.031519 -0.106508 0.179480 -0.034091 -0.220059 0.178566 
0.639323 -0.226577 0.021280 0.734792 -0.243151 0.643115 0.745328 -0.431022 0.556815 0.733865 -0.255137 0.577092 0.756178 -0.280256 0.753028 0.768397 -0.418557 0.713608 0.638781 -0.409868 -0.063845 0.654274 -0.177810 -0.057549 0.624944 -0.155438 0.041003 0.609787 -0.312476 0.073990 0.409483 -0.269734 -0.567392 0.301180 0.260236 -0.613563 0.297160 0.119933 -0.371482 0.257605 0.105491 -0.654276 0.508890 0.113920 0.786560 0.522970 -0.001769 0.446271 0.574494 -0.111957 0.668802 0.609706 -0.552251 0.578979 -0.603789 -0.226577 0.211250 -0.509182 -0.243151 0.833217 -0.545012 -0.431022 0.754002 -0.528016 -0.255137 0.769930 -0.496765 -0.280256 0.944500 -0.520200 -0.418557 0.910528 -0.628695 -0.409868 0.129849 -0.641600 -0.177810 0.140484 -0.584175 -0.155438 0.225778 -0.559858 -0.312476 0.252733 -0.560252 -0.269734 -0.419200 -0.470681 0.260236 -0.495609 -0.394544 0.119933 -0.265777 -0.441255 0.105491 -0.547478 -0.250749 0.113920 0.902646 -0.365817 -0.001769 0.582093 -0.348528 -0.111957 0.809856 -0.408960 -0.552251 0.734650 
-0.274535 -0.128278 0.292782 -0.243665 -0.118248 0.276894 -0.188477 -1.174897 0.347522 -0.139076 -0.961083 0.239689 -0.193369 -0.940817 0.208647 -0.230011 -0.819776 0.052046 -0.167020 -0.819646 0.503844 -0.184873 -0.914143 0.359805 -0.244758 -0.852948 0.233026 -0.301021 -0.866159 0.189882 -0.585719 -0.835429 0.265967 -0.729415 -0.007354 0.151825 -0.719720 -0.465070 0.260130 -0.821861 -0.876318 -0.388845 -0.564674 -0.827052 0.536396 -0.516217 -0.679363 -0.176320 -0.462433 -0.943978 0.387890 -0.463902 -1.304639 0.208642 0.349448 -0.128278 0.197426 0.315242 -0.118248 0.191483 0.283666 -1.174897 0.275370 0.204314 -0.961083 0.187212 0.246859 -0.940817 0.141373 0.235057 -0.819776 -0.019025 0.309876 -0.819646 0.430966 0.283895 -0.914143 0.288168 0.303183 -0.852948 0.149291 0.343992 -0.866159 0.091312 0.638420 -0.835429 0.078896 0.741468 -0.007354 -0.072952 0.764562 -0.465070 0.033305 0.668218 -0.876318 -0.616555 0.699103 -0.827052 0.343268 0.439997 -0.679363 -0.322447 0.557175 -0.943978 0.232076 0.505042 -1.304639 0.060570 
0.330690 0.384484 1.195531 0.110985 0.384471 -0.434467 0.193000 -0.329769 -0.478705 0.212063 0.154803 -0.543857 0.172558 0.123581 -0.373102 0.154831 -0.213989 -0.446713 0.384454 -0.251081 1.174579 0.373926 0.219139 1.137723 0.388640 0.190217 1.296271 0.378911 -0.282990 1.225724 0.387140 -0.117840 0.547065 0.403905 0.498560 0.433312 0.297424 0.190217 0.158946 0.266462 -0.021277 -0.299903 0.209853 0.164178 0.007635 0.134276 0.190632 -0.518917 0.236367 0.193243 -0.457271 0.183919 -0.307040 -0.439925 0.041461 0.384484 1.239730 -0.235678 0.384471 -0.381491 -0.327162 -0.329769 -0.399215 -0.364813 0.154803 -0.455700 -0.276113 0.123581 -0.304537 -0.281181 -0.213989 -0.380083 -0.016106 -0.251081 1.235792 -0.017066 0.219139 1.197473 0.016244 0.190217 1.353179 0.004459 -0.282990 1.282947 -0.206084 -0.117840 0.637720 -0.256057 0.498560 0.534167 -0.236379 0.190217 0.240520 -0.343870 -0.021277 -0.206634 -0.197995 0.164178 0.069961 -0.283128 0.190632 -0.455130 -0.362148 0.193243 -0.365807 -0.306913 -0.307040 -0.364917 
-0.005783 0.587931 0.419454 0.004022 0.557221 0.609617 -0.055136 0.591333 0.594728 -0.009233 0.773749 0.609516 -0.042713 0.768773 0.608662 -0.053660 0.635059 0.591527 -0.090791 0.655948 0.433147 -0.069536 0.784705 0.452550 -0.086544 0.834691 0.320926 -0.133872 0.791618 0.340997 -0.468941 0.878385 0.265793 -0.698048 1.131377 0.212383 -0.686352 0.688706 0.781240 -0.630463 0.033004 0.208410 -0.376211 0.174279 1.069446 -0.333412 0.546064 0.579443 -0.367908 0.367943 0.475636 -0.382578 0.600222 0.329008 0.130794 0.587931 0.398582 0.178230 0.557221 0.582995 0.230242 0.591333 0.551117 0.190850 0.773749 0.578940 0.222547 0.768773 0.568126 0.227877 0.635059 0.548503 0.216011 0.655948 0.386262 0.201521 0.784705 0.411128 0.178442 0.834691 0.280432 0.229605 0.791618 0.285451 0.526920 0.878385 0.113607 0.729619 1.131377 -0.005791 0.888352 0.688706 0.540597 0.663932 0.033004 0.010603 0.678443 0.174279 0.908276 0.491252 0.546064 0.453420 0.493170 0.367943 0.344048 0.463379 0.600222 0.199730 
0.020069 0.954066 -0.601895 0.098433 0.972156 -0.370178 0.188582 -0.413315 -0.358845 0.258695 0.000907 -0.540555 0.308376 0.121002 -0.430635 0.062711 0.023247 -0.562942 0.124426 -0.048191 -0.467523 0.167059 0.040455 -0.614456 0.226357 0.022139 -0.490060 0.120898 -0.179922 -0.580096 0.110001 -0.282148 0.589710 0.101428 0.433685 0.753982 0.178227 -0.201238 1.089377 -0.112481 -0.638590 -0.251364 0.253559 -0.509587 1.563932 0.511981 -0.220850 1.002728 0.318243 -0.125693 -0.701437 0.075043 -0.505486 -0.581127 -0.198915 0.954066 -0.568430 -0.204498 0.972156 -0.323885 -0.287148 -0.413315 -0.286144 -0.408331 0.000907 -0.438621 -0.422915 0.121002 -0.318880 -0.227977 0.023247 -0.518519 -0.258378 -0.048191 -0.409024 -0.342948 0.040455 -0.536517 -0.362388 0.022139 -0.400090 -0.288632 -0.179922 -0.517513 0.071143 -0.282148 0.595648 0.128387 0.433685 0.749862 0.155262 -0.201238 1.092887 0.032275 -0.638590 -0.273485 0.225100 -0.509587 1.568281 -0.189138 -0.220850 1.109871 -0.513211 -0.125693 -0.574376 -0.245178 -0.505486 -0.532192 
0.030681 0.048832 0.322659 0.065718 0.030827 0.334377 0.082223 0.689645 0.461492 -0.033089 -0.017675 0.376850 -0.118938 -0.110746 0.334915 -0.108386 0.441642 0.326971 -0.055126 0.475449 0.427291 -0.182861 -0.231158 0.361873 -0.132825 -0.284940 0.419957 -0.062473 0.404582 0.292279 0.375740 0.347378 0.440163 0.518334 -2.028564 0.352685 0.193455 -1.369837 -0.911509 0.091153 -1.058599 0.592609 0.077252 -0.928072 0.251826 0.309841 -0.704922 1.300947 -0.205141 -0.594611 -0.662173 0.133196 0.697789 -0.172630 0.067085 0.048832 0.317096 0.037147 0.030827 0.338743 0.059359 0.689645 0.464987 0.144129 -0.017675 0.349768 0.213536 -0.110746 0.284107 0.201093 0.441642 0.279677 0.180226 0.475449 0.391326 0.282593 -0.231158 0.290743 0.252188 -0.284940 0.361120 0.146914 0.404582 0.260281 -0.227132 0.347378 0.532292 -0.389344 -2.028564 0.491394 -0.456858 -1.369837 -0.812129 0.089997 -1.058599 0.592786 0.001484 -0.928072 0.263405 0.092843 -0.704922 1.334108 -0.001987 -0.594611 -0.693218 -0.178674 0.697789 -0.124970 
-0.350597 -0.698871 0.295860 -0.387543 -0.654710 -0.395060 -0.523814 -0.256063 -0.678137 -0.539737 -0.218038 -0.645609 -0.391066 -0.285705 -0.001877 -0.322405 -0.285938 -0.017545 -0.362627 -0.318903 -0.095771 -0.412836 -0.264071 -0.085630 -0.348737 -0.180155 0.511806 -0.268938 -0.214539 0.542925 -0.276806 -0.389978 -0.435644 -0.202267 -0.125647 -0.447772 0.409278 0.608936 -0.769588 0.364062 1.242687 0.205133 0.246200 1.079707 1.388325 0.060570 0.581387 1.431993 -0.319015 0.487364 0.141729 -0.017643 -0.216107 0.148996 0.422957 -0.698871 0.177647 0.251866 -0.654710 -0.492773 0.297373 -0.256063 -0.803629 0.322284 -0.218038 -0.777341 0.372657 -0.285705 -0.118587 0.302450 -0.285938 -0.113034 0.317473 -0.318903 -0.199703 0.368420 -0.264071 -0.205020 0.485677 -0.180155 0.384293 0.418814 -0.214539 0.437824 0.134062 -0.389978 -0.498432 0.059304 -0.125647 -0.487744 -0.620444 0.608936 -0.612228 -0.286181 1.242687 0.304502 0.179675 1.079707 1.398491 0.369876 0.581387 1.384726 0.346784 0.487364 0.039983 0.061338 -0.216107 0.136926 
-0.446242 -0.217345 -0.132862 -0.280593 -0.201957 0.813464 -0.146988 -0.360006 0.662960 0.016162 -0.057443 0.744814 -0.359330 -0.213308 0.787460 -0.223164 -0.109521 0.894002 -0.447921 -0.217364 -0.181104 -0.402665 -0.122246 -0.071293 -0.362307 -0.266080 -0.005418 -0.273708 -0.431217 -0.028962 0.045051 -0.404957 1.121542 0.463965 0.372685 1.068758 0.588957 0.269514 0.236984 0.949645 1.153723 -0.616176 0.436511 0.837237 -0.257808 0.254117 0.208339 -0.228998 0.188032 0.332334 -0.793309 -0.514006 -0.368046 -0.630615 0.386195 -0.217345 -0.260074 0.510737 -0.201957 0.692534 0.338280 -0.360006 0.588802 0.207022 -0.057443 0.715647 0.578114 -0.213308 0.644202 0.479983 -0.109521 0.786548 0.373388 -0.217364 -0.306615 0.362994 -0.122246 -0.188300 0.344153 -0.266080 -0.113378 0.252566 -0.431217 -0.109386 0.291967 -0.404957 1.083809 -0.123593 0.372685 1.158548 -0.491298 0.269514 0.402066 -1.090331 1.153723 -0.304431 -0.493586 0.837237 -0.115672 -0.310912 0.208339 -0.142652 -0.416381 0.332334 -0.700944 0.302206 -0.368046 -0.755347 
0.271487 0.211093 -0.124154 0.235140 0.163232 0.102152 0.042757 -0.647084 -0.296958 0.109762 0.542196 -0.145885 0.374977 0.412972 0.539583 0.247007 -0.384341 0.421112 0.134718 -0.458027 -0.458916 0.303041 0.812338 -0.453466 0.397740 0.831121 0.084645 0.247795 -0.383726 0.281574 0.191159 -0.164994 -0.239166 0.372494 -2.082586 -0.133161 -0.546511 0.370547 -0.075148 -1.301955 0.654075 -0.217105 -0.472968 0.750943 0.177206 -0.483118 0.550392 -0.367105 -1.000412 -0.149205 -1.063934 -0.415876 -0.404063 -0.447204 -0.296177 0.211093 -0.037405 -0.193899 0.163232 0.167717 -0.129495 -0.647084 -0.270635 -0.148322 0.542196 -0.106445 -0.196710 0.412972 0.626947 -0.109963 -0.384341 0.475663 -0.265630 -0.458027 -0.397736 -0.424642 0.812338 -0.342263 -0.354307 0.831121 0.199571 -0.152390 -0.383726 0.342729 -0.253863 -0.164994 -0.171158 -0.395263 -2.082586 -0.015834 0.499124 0.370547 -0.234940 1.177692 0.654075 -0.596040 0.504306 0.750943 0.027861 0.351428 0.550392 -0.494638 0.636997 -0.149205 -1.314159 0.263332 -0.404063 -0.550999 
0.035855 0.512412 -0.184055 0.058598 0.512243 0.215919 0.167887 -0.683017 0.088144 0.334142 0.207451 -0.116789 0.246833 0.336934 0.118671 0.032872 -0.204529 0.086057 0.024182 -0.193411 -0.126944 0.175910 0.223947 -0.285397 0.192868 0.144002 -0.082572 0.082368 -0.257988 -0.141255 -0.145564 -0.448581 0.590090 0.093254 1.623918 0.377204 0.118748 0.147851 -1.917768 -0.404544 -0.081590 1.973978 -0.303375 -0.037999 0.056824 -0.179070 -0.075778 -0.223931 0.058663 0.106463 -0.005219 -0.120510 -0.767723 -0.277500 -0.089189 0.512412 -0.164946 0.008563 0.512243 0.223565 -0.133899 -0.683017 0.134262 -0.353772 0.207451 -0.011663 -0.200125 0.336934 0.186974 -0.005670 -0.204529 0.091947 -0.060991 -0.193411 -0.113928 -0.253119 0.223947 -0.219834 -0.208726 0.144002 -0.021201 -0.120796 -0.257988 -0.110207 0.315157 -0.448581 0.519683 0.023658 1.623918 0.387840 -0.686092 0.147851 -1.794774 0.975631 -0.081590 1.763062 0.306500 -0.037999 -0.036376 0.104017 -0.075778 -0.267192 -0.057544 0.106463 0.012540 0.032131 -0.767723 -0.300827 
-0.230321 1.057821 0.081715 -0.315195 1.052152 0.244029 -0.287005 -0.249701 0.162523 -0.423087 -0.187528 -0.245923 -0.116107 0.015822 0.511102 -0.156499 0.362248 0.127712 0.020322 0.426507 0.076722 -0.086453 0.107092 -0.310503 0.201526 0.387192 0.251360 0.093145 0.476486 -0.074907 -0.231059 0.441862 -0.774666 -0.011809 0.042509 -0.852099 1.455273 0.322395 -0.066239 1.256781 -0.583927 -0.039408 0.226506 -0.859382 0.547815 -0.107321 -0.287972 -0.955669 -1.000920 -0.742306 -0.450839 -0.638224 -0.726083 0.311885 0.244214 1.057821 0.009198 0.373692 1.052152 0.138755 0.322445 -0.249701 0.069388 0.330329 -0.187528 -0.361059 0.263454 0.015822 0.453098 0.187499 0.362248 0.075143 0.003519 0.426507 0.079290 -0.010228 0.107092 -0.322151 -0.117256 0.387192 0.300076 -0.111265 0.476486 -0.043670 -0.010849 0.441862 -0.808318 -0.243219 0.042509 -0.816736 -1.408636 0.322395 0.371418 -1.211190 -0.583927 0.337742 -0.052557 -0.859382 0.590461 -0.182998 -0.287972 -0.944104 0.820589 -0.742306 -0.729199 0.702243 -0.726083 0.107037 
-0.574610 0.619788 0.011398 -0.451899 0.630712 0.250633 -0.152131 -0.118009 -0.012768 -0.247816 -0.422820 -0.525867 -0.210619 -0.472767 0.745985 -0.453955 0.284253 0.254216 -0.566309 0.217066 -0.063738 -0.585787 -0.576897 -0.553959 -0.127818 -0.306340 0.555000 -0.154368 0.143873 0.158589 0.780959 0.328434 -0.154181 1.092271 -0.196424 -0.054621 0.330783 0.068561 0.176480 -1.153197 -0.250653 0.025481 -0.574563 -0.015135 0.478917 -0.262095 0.183647 -0.763089 1.338042 0.832261 0.269532 1.157040 0.301313 0.329712 0.551789 0.619788 -0.160736 0.506129 0.630712 0.104229 0.141374 -0.118009 -0.057621 0.079449 -0.422820 -0.575879 0.423803 -0.472767 0.649034 0.509161 0.284253 0.107034 0.521426 0.217066 -0.229963 0.393605 -0.576897 -0.703628 0.287742 -0.306340 0.491495 0.194687 0.143873 0.105247 -0.791363 0.328434 0.086098 -1.058732 -0.196424 0.274091 -0.262978 0.068561 0.267217 1.108175 -0.250653 -0.320097 0.691373 -0.015135 0.285459 0.022228 0.183647 -0.806539 -1.196474 0.832261 0.656852 -1.005760 0.301313 0.660226 
-0.279241 0.503348 0.014300 -0.205468 0.517874 0.067684 -0.147228 -0.100684 0.202123 0.196042 1.122196 0.464487 -0.269555 0.949738 -0.388064 -0.247503 0.103100 -0.246543 -0.124767 -0.090726 0.231585 0.143905 0.984058 0.408090 -0.022928 0.637709 -0.260694 -0.294494 -0.834593 -0.233295 -0.538128 -2.192133 -0.135229 -0.133553 -1.640316 0.184137 0.521098 -0.364030 -0.248058 0.423916 -0.263164 -0.159457 0.093040 -0.155684 0.483033 -0.398924 0.058998 -0.354773 0.825439 1.052981 0.927589 -0.104134 0.094658 0.216033 0.270767 0.503348 -0.069751 0.216305 0.517874 0.003230 0.200874 -0.100684 0.148927 -0.048370 1.122196 0.501838 0.141353 0.949738 -0.450858 0.162574 0.103100 -0.309211 0.188238 -0.090726 0.183753 -0.015456 0.984058 0.432443 -0.055978 0.637709 -0.255643 0.211377 -0.834593 -0.310601 0.473180 -2.192133 -0.289775 0.182452 -1.640316 0.135846 -0.571400 -0.364030 -0.081105 -0.452192 -0.263164 -0.025572 0.055470 -0.155684 0.488774 0.274760 0.058998 -0.457724 -0.510731 1.052981 1.131780 0.163902 0.094658 0.175073 
-0.502351 0.128505 0.042625 -0.534400 -0.017059 0.169805 -0.335674 -0.442367 -0.093110 -0.163101 0.653278 0.022140 -0.375424 0.581990 0.071566 -0.350552 -0.873571 0.342571 -0.318528 -0.684332 -0.189337 -0.057097 1.204007 0.061921 -0.066513 0.877115 0.140622 -0.039293 -0.576217 0.299229 0.745639 -0.037436 -0.458030 1.062651 0.992409 -0.875825 -0.130444 -0.272358 0.405136 -0.087029 -0.680471 -0.158106 -0.364225 -0.834755 -1.033721 0.570751 -0.294950 1.237751 0.214926 -0.040319 0.284617 -0.611319 -0.715146 -0.236113 0.492153 0.128505 -0.109353 0.560723 -0.017059 0.002450 0.292545 -0.442367 -0.189114 0.162269 0.653278 -0.027583 0.379664 0.581990 -0.043825 0.436866 -0.873571 0.222239 0.247443 -0.684332 -0.275828 0.072984 1.204007 0.042042 0.105476 0.877115 0.114339 0.126868 -0.576217 0.273836 -0.848403 -0.037436 -0.214432 -1.275726 0.992409 -0.518479 0.245489 -0.272358 0.347687 0.035836 -0.680471 -0.176882 0.038869 -0.834755 -1.095321 -0.175033 -0.294950 1.351720 -0.120112 -0.040319 0.335816 0.512901 -0.715146 -0.407914 
-0.049279 -0.817560 0.136120 -0.085392 -0.873007 -0.021943 -0.116085 -0.330501 0.382699 0.319409 0.129502 0.903445 -0.311111 -0.025184 -0.814189 -0.453303 0.031527 -0.448640 -0.271544 -0.029421 0.634696 0.137825 0.074865 0.959782 -0.154676 0.127934 -1.017758 -0.180536 0.339183 -0.508971 0.734967 0.935640 -0.535159 0.749200 0.183330 -0.469442 0.470028 0.273524 -0.175679 -0.661188 0.445263 0.153979 -0.293771 0.223092 1.185549 0.184557 -0.258707 -0.612881 0.363643 -0.514446 -0.461942 -0.422774 -0.170897 -0.599644 0.087684 -0.817560 0.115190 0.074941 -0.873007 -0.046445 0.225085 -0.330501 0.330563 -0.035007 0.129502 0.957606 0.053744 -0.025184 -0.869946 0.298623 0.031527 -0.563547 0.448710 -0.029421 0.524628 0.155115 0.074865 0.957140 -0.156348 0.127934 -1.017503 0.020286 0.339183 -0.539660 -0.861254 0.935640 -0.291227 -0.855210 0.183330 -0.224259 -0.501044 0.273524 -0.027281 0.676999 0.445263 -0.050521 0.634441 0.223092 1.043701 -0.359178 -0.258707 -0.529789 -0.485010 -0.514446 -0.332252 0.224388 -0.170897 -0.698542 
0.659782 -0.161761 -0.151983 0.318741 -0.141035 -0.035818 -0.301836 -0.035006 -0.027239 -0.741188 -0.627563 0.052321 0.102642 -0.085478 -0.215415 -0.117948 0.093628 -0.075929 0.294431 0.069403 -0.072426 0.610127 0.027471 -0.097936 0.553267 -0.141527 -0.135755 0.520035 0.019074 -0.153484 0.730047 0.101558 0.637519 0.571019 0.049526 0.462375 1.008446 0.087467 0.074384 0.446088 0.690364 -0.316286 -1.685682 -0.272831 0.017613 -1.600525 -0.382138 0.607266 -0.417169 0.173048 0.862103 -0.415335 0.372102 0.081776 -0.675061 -0.161761 0.052005 -0.314891 -0.141035 0.061013 0.279925 -0.035006 -0.116142 0.722986 -0.627563 -0.171431 -0.162293 -0.085478 -0.174928 0.089888 0.093628 -0.107690 -0.302624 0.069403 0.018815 -0.611530 0.027471 0.088756 -0.568561 -0.141527 0.035681 -0.542140 0.019074 0.008835 -0.506325 0.101558 0.826459 -0.406864 0.049526 0.611813 -0.940204 0.087467 0.372173 -0.520190 0.690364 -0.168621 1.614007 -0.272831 -0.486639 1.708842 -0.382138 0.101535 0.655606 0.173048 0.698164 0.420802 0.372102 -0.046000 
0.343592 0.377428 -0.006389 0.051625 0.344495 0.091493 0.069756 1.056959 0.420831 -0.410968 -0.739514 -0.004718 -0.224711 -0.421939 0.002674 0.088863 1.050390 -0.174596 0.401427 0.985729 0.314340 0.091833 -0.751681 0.178652 0.299295 -0.768034 0.123336 0.307278 0.014604 -0.317354 -0.130763 -1.849672 -0.311170 0.477281 0.402158 -0.506110 0.542326 -0.103301 0.179735 -1.260748 -0.130682 0.045482 0.132436 0.729141 -0.443101 0.726791 0.766583 0.314775 -0.379920 0.784219 -0.014384 -1.170260 -0.311783 -0.389174 -0.329819 0.377428 0.096520 -0.021944 0.344495 0.102735 0.059114 1.056959 0.422457 0.390802 -0.739514 -0.127243 0.215254 -0.421939 -0.064560 -0.136952 1.050390 -0.140087 -0.289224 0.985729 0.419884 -0.034285 -0.751681 0.197926 -0.248799 -0.768034 0.207095 -0.388035 0.014604 -0.211098 0.031861 -1.849672 -0.336022 -0.606653 0.402158 -0.340466 -0.463894 -0.103301 0.333503 1.216790 -0.130682 -0.333130 -0.258729 0.729141 -0.383324 -0.599609 0.766583 0.517473 0.358284 0.784219 -0.127195 1.000617 -0.311783 -0.720923 
-0.586107 0.974352 0.207368 -0.505627 1.082577 0.039375 0.143466 -0.677555 0.252789 0.248830 -0.230063 0.013477 -0.296462 -0.546964 -0.055492 0.191454 0.123853 -0.471479 0.293765 -0.025534 0.463821 -0.050634 -0.540608 0.132956 0.309275 -0.009744 -0.400253 0.351803 0.610232 -0.426687 0.698275 1.537430 -0.260784 -0.246973 -1.072315 0.356920 -0.664715 -0.017312 -0.192800 0.297927 0.474762 0.087036 0.725624 0.736482 -0.527883 -0.565779 0.447673 0.609320 0.220692 0.840062 0.686326 -0.520803 -1.660829 -0.097704 0.621289 0.974352 0.022856 0.494309 1.082577 -0.113434 -0.061420 -0.677555 0.284100 -0.233448 -0.230063 0.087178 0.266358 -0.546964 -0.141501 -0.323529 0.123853 -0.392780 -0.141832 -0.025534 0.530388 0.088032 -0.540608 0.111766 -0.414699 -0.009744 -0.289616 -0.463182 0.610232 -0.302142 -0.744291 1.537430 -0.040334 0.342299 -1.072315 0.266869 0.576795 -0.017312 -0.382525 -0.258335 0.474762 0.172043 -0.850164 0.736482 -0.287074 0.721937 0.447673 0.412534 -0.005640 0.840062 0.720914 0.467853 -1.660829 -0.248789 
-0.266948 0.719163 -0.008821 -0.057627 0.831257 0.123641 0.630093 0.527437 0.314510 0.419113 0.274924 0.291522 -0.055902 0.124118 -0.059554 -0.020748 0.122039 -0.211309 -0.160874 -0.083288 0.337773 -0.405286 -0.528480 0.180852 -0.249872 -0.645283 0.066475 0.040311 -0.797786 -0.282391 0.624114 -1.221332 -0.893109 0.229946 0.825575 -0.561964 -0.934665 0.187230 0.113904 0.733212 0.645121 0.039032 -0.164489 0.219651 -0.008797 -1.499730 -0.431094 0.446753 -0.434520 -0.307539 -0.897555 0.888590 0.704735 -0.440245 0.252130 0.719163 -0.088145 0.091923 0.831257 0.100787 -0.507403 0.527437 0.488340 -0.312918 0.274924 0.403390 0.035565 0.124118 -0.073532 -0.043308 0.122039 -0.207861 0.254412 -0.083288 0.274310 0.440802 -0.528480 0.051554 0.258321 -0.645283 -0.011186 -0.122810 -0.797786 -0.257463 -0.862366 -1.221332 -0.665948 -0.387288 0.825575 -0.467639 0.926025 0.187230 -0.170443 -0.688091 0.645121 0.256233 0.154354 0.219651 -0.057522 1.564709 -0.431094 -0.021549 0.146623 -0.307539 -0.986365 -0.979518 0.704735 -0.154764 
0.340274 -0.638279 -0.066452 -0.093086 -0.682304 -0.006388 -0.380310 0.402554 -0.293130 -0.935169 -0.024951 -0.054317 -0.187380 0.251062 0.193616 0.010577 0.193198 0.346150 0.258105 0.077301 -0.492566 0.118275 0.185118 -0.159672 0.231685 -0.090829 0.120772 0.413081 -0.123172 0.136096 0.620584 -0.007231 0.058112 0.530238 0.546096 -0.128084 -1.171713 -1.292802 -0.008369 0.353142 -1.083899 0.111108 1.446692 0.375731 0.840903 -0.917474 -0.658533 -0.728545 -0.009698 0.819802 0.288848 -0.729208 0.106949 -0.479626 -0.344590 -0.638279 0.038207 0.086930 -0.682304 -0.033897 0.275406 0.402554 -0.393335 0.876265 -0.024951 -0.331136 0.236653 0.251062 0.128816 0.093287 0.193198 0.333510 -0.393435 0.077301 -0.392999 -0.160565 0.185118 -0.117061 -0.185041 -0.090829 0.184455 -0.353581 -0.123172 0.253256 -0.574904 -0.007231 0.240804 -0.544291 0.546096 0.036123 1.115736 -1.292802 -0.357933 -0.303841 -1.083899 0.211506 -1.129519 0.375731 1.234595 0.658011 -0.658533 -0.969307 0.095523 0.819802 0.272769 0.552680 0.106949 -0.675522 
0.314922 0.312431 -0.168243 0.322677 0.377558 -0.097882 0.003138 0.421641 -0.364078 1.519845 0.841448 0.055165 -0.364936 -0.650570 0.147254 -0.031290 -0.538976 0.158754 -0.322372 -0.915432 -0.236785 0.046103 -0.817845 -0.235733 -0.286731 -1.020010 0.308298 0.025971 -0.586719 0.175206 0.014785 0.964744 0.329469 -0.524539 -0.260242 -0.843393 0.498645 0.227847 -0.008335 0.160501 -0.802127 -0.001690 -0.345449 -0.117115 0.160787 -0.046054 0.288614 -0.147505 -0.101603 1.054523 0.492735 -0.896473 1.113962 -1.126877 -0.350796 0.312431 -0.066509 -0.337184 0.377558 0.002956 -0.111731 0.421641 -0.346524 -1.434002 0.841448 0.506566 0.392259 -0.650570 0.031541 0.077275 -0.538976 0.142163 0.236940 -0.915432 -0.322258 -0.114403 -0.817845 -0.211205 0.365721 -1.020010 0.208591 0.027542 -0.586719 0.174966 0.084290 0.964744 0.318847 0.248710 -0.260242 -0.961559 -0.478376 0.227847 0.140972 -0.153680 -0.802127 0.046322 0.377704 -0.117115 0.050276 -0.000102 0.288614 -0.154527 0.244127 1.054523 0.439902 0.519003 1.113962 -1.343187 
0.728658 0.404919 -0.044046 0.983111 0.393904 0.065608 -0.100214 -0.393975 0.012086 -0.603936 -0.684002 -0.122236 0.688142 0.183842 0.097086 -0.047394 0.311264 0.019846 -0.426638 0.071528 0.198553 -0.396872 -0.098669 0.129292 -0.292835 0.214889 -0.008479 -0.271137 0.652093 0.038284 -0.814014 0.113162 0.095676 0.111646 -0.239121 -0.957280 -0.991730 -1.251181 -0.001409 0.964684 0.923751 0.012692 -1.174323 -0.170728 0.169371 0.463467 0.306133 -0.132182 1.064788 0.538438 -0.249868 -0.297293 -0.650557 -0.702969 -0.708557 0.404919 0.175587 -0.918646 0.393904 0.356231 0.099250 -0.393975 -0.018396 0.539865 -0.684002 -0.297029 -0.627739 0.183842 0.298176 0.051158 0.311264 0.004786 0.466466 0.071528 0.062070 0.417373 -0.098669 0.004861 0.276937 0.214889 -0.095551 0.270196 0.652093 -0.044442 0.805436 0.113162 -0.151805 -0.392452 -0.239121 -0.880245 0.946046 -1.251181 -0.297536 -0.916864 0.923751 0.300227 1.171310 -0.170728 -0.189084 -0.481792 0.306133 0.012271 -1.090816 0.538438 0.079548 0.073775 -0.650557 -0.759675 
0.804269 0.495249 -0.029783 0.672836 0.527275 -0.017424 -0.266009 0.280554 0.080360 -1.283531 -0.254923 0.324916 -0.044610 0.188442 0.099551 -0.401373 -0.913508 0.232147 -0.249423 -0.761510 -0.013387 -0.130489 -0.080022 0.128615 0.050533 -0.102148 0.053058 -0.072703 -0.529937 -0.043768 1.214565 0.039749 -1.352353 -1.429822 0.034831 1.132587 0.168154 0.430789 -0.199668 -0.041340 -0.319849 0.172294 -0.073984 -0.032278 -0.086998 0.564112 0.239762 -0.061604 0.573819 0.089592 -0.347873 -0.345050 0.525214 -0.129318 -0.776456 0.495249 0.211780 -0.647331 0.527275 0.184322 0.277868 0.280554 -0.002754 1.321990 -0.254923 -0.073254 0.072306 0.188442 0.081684 0.452388 -0.913508 0.101677 0.234041 -0.761510 -0.087269 0.162946 -0.080022 0.083773 -0.032380 -0.102148 0.065729 0.056313 -0.529937 -0.063484 -1.563026 0.039749 -0.927887 1.702824 0.034831 0.653862 -0.220112 0.430789 -0.140334 0.090910 -0.319849 0.152084 0.044624 -0.032278 -0.105123 -0.556764 0.239762 0.109686 -0.651526 0.089592 -0.160618 0.290679 0.525214 -0.226469 
-0.200454 0.481844 -0.094527 -0.190748 0.591579 0.152535 -0.460686 -0.436251 0.337457 -0.853069 -0.330326 0.250174 1.434293 0.844616 -0.387962 -0.219626 -0.533812 -0.249335 -0.351673 -0.710054 0.465717 -0.168491 -0.693902 0.163156 0.315372 -0.315839 -0.337482 -0.312487 -0.992292 -0.329415 0.106033 0.459025 0.713940 0.830405 -0.230381 -0.386938 -0.354132 0.436406 -0.096313 0.162540 -0.317530 0.026859 0.471456 0.252506 0.062215 0.741453 1.013641 -0.152997 -1.157545 0.127040 0.619964 0.351881 1.181136 0.171607 0.163073 0.481844 -0.150081 0.227599 0.591579 0.088604 0.540446 -0.436251 0.184466 0.888851 -0.330326 -0.016023 -1.484700 0.844616 0.058113 0.135135 -0.533812 -0.303549 0.474714 -0.710054 0.339430 0.209529 -0.693902 0.105388 -0.401771 -0.315839 -0.227890 0.199841 -0.992292 -0.407708 0.112033 0.459025 0.713023 -0.908068 -0.230381 -0.121267 0.309204 0.436406 -0.197683 -0.147100 -0.317530 0.074178 -0.431357 0.252506 0.200181 -0.753307 1.013641 0.075430 1.289873 0.127040 0.245954 -0.284568 1.181136 0.268868 
-0.430481 0.698437 0.001122 -0.642577 0.595071 -0.043693 0.073875 0.144916 -0.322624 -0.239359 -0.023311 0.226514 -1.300821 -1.037380 0.065385 0.198562 -0.053899 0.130335 0.626998 0.307086 -0.356741 0.777113 0.375063 -0.031974 0.101276 -0.111283 -0.172839 0.405849 -0.000227 0.250777 0.452021 -0.498974 0.115191 0.118919 -0.140180 0.135083 -0.986871 -0.219373 -0.178751 0.560803 0.863120 0.112209 -0.796926 0.054806 0.496885 1.402255 0.238777 -0.576025 -0.383552 -1.130665 0.776373 0.221744 0.810245 -0.370190 0.411169 0.698437 -0.127497 0.600200 0.595071 -0.233612 -0.166859 0.144916 -0.285836 0.296086 -0.023311 0.144688 1.260979 -1.037380 -0.326104 -0.150574 -0.053899 0.183690 -0.704926 0.307086 -0.153199 -0.751194 0.375063 0.201579 -0.148274 -0.111283 -0.134703 -0.312429 -0.000227 0.360543 -0.396987 -0.498974 0.244934 -0.073147 -0.140180 0.164434 0.888444 -0.219373 -0.465333 -0.501695 0.863120 0.274578 0.908954 0.054806 0.236196 -1.510292 0.238777 -0.130936 0.597919 -1.130665 0.626386 -0.322184 0.810245 -0.287068 
-1.515264 -0.604958 0.384093 -1.489191 -0.398090 0.104156 0.030363 0.711648 0.152839 0.049882 -0.119803 -0.054838 1.669148 0.720122 -0.061399 0.526783 0.044563 0.123500 0.256125 -0.292443 0.018357 0.823449 -0.314329 -0.395405 0.293535 -0.517206 0.255010 0.271717 0.246332 0.038738 0.029888 -0.008630 -0.533196 -0.658050 0.046526 0.230951 0.095253 -0.604116 -0.000231 0.162190 0.066170 -0.006177 -0.841849 0.042826 0.169056 0.134117 -0.136752 -0.094153 0.530762 0.250640 -0.321982 -0.584868 0.289443 -0.414989 1.560819 -0.604958 -0.085988 1.452331 -0.398090 -0.345361 0.016670 0.711648 0.154932 -0.063983 -0.119803 -0.037438 -1.611305 0.720122 0.439913 -0.465856 0.044563 0.275193 -0.238953 -0.292443 0.094014 -0.903958 -0.314329 -0.131427 -0.203976 -0.517206 0.331039 -0.247746 0.246332 0.118122 -0.187769 -0.008630 -0.499934 0.696992 0.046526 0.023876 -0.090975 -0.604116 0.028228 -0.156632 0.066170 0.042544 0.853917 0.042826 -0.090087 -0.156115 -0.136752 -0.049800 -0.602701 0.250640 -0.148769 0.434233 0.289443 -0.570726 
-0.411115 0.654419 -0.007242 -0.082334 0.563823 0.020601 0.599382 0.255299 -0.296623 -1.221694 -0.631237 0.458972 0.308720 -0.084039 -0.140960 0.906270 -0.301818 0.120972 0.424860 -0.262918 -0.446202 -0.261282 0.487986 0.425184 -0.826708 0.074774 -0.040196 0.189361 0.044997 0.251097 -0.352738 0.131647 0.640733 -0.279133 -0.391701 -0.793137 0.595682 1.092944 -0.051156 -0.647211 0.346342 0.079468 0.758766 0.054877 -0.144297 -0.575981 -0.860879 0.173696 0.918105 -1.122618 0.333067 -0.047958 0.404452 -0.925798 0.390188 0.654419 -0.129695 0.084729 0.563823 -0.004929 -0.660615 0.255299 -0.104073 1.303012 -0.631237 0.073151 -0.336729 -0.084039 -0.042324 -0.828778 -0.301818 0.386118 -0.538732 -0.262918 -0.298947 0.376343 0.487986 0.327743 0.776972 0.074774 -0.285268 -0.105726 0.044997 0.296192 0.528001 0.131647 0.506141 0.029514 -0.391701 -0.840303 -0.583773 1.092944 0.129086 0.641406 0.346342 -0.117456 -0.767231 0.054877 0.088903 0.601569 -0.860879 -0.006255 -0.776728 -1.122618 0.592068 -0.230730 0.404452 -0.897867 
0.101862 0.642867 0.251714 -0.279274 0.687047 -0.086257 -0.544432 0.383946 0.149154 0.070748 -0.455170 0.056695 -0.246634 -0.950347 0.101777 -1.030585 -1.274317 0.205776 -0.278370 -0.775997 0.177319 1.130888 0.054197 -0.023345 1.235826 0.488932 -0.487607 -0.041959 0.529251 0.033078 -0.889883 0.047770 0.222817 -0.139439 0.339273 -0.480805 0.217589 -1.144575 0.048044 -0.395032 0.695094 0.024971 0.622755 0.650473 -0.218738 -0.384765 -0.519156 0.239599 0.487991 -0.032369 -0.647574 0.073996 1.068868 0.419358 -0.022036 0.642867 0.270648 0.240766 0.687047 -0.165729 0.564130 0.383946 -0.020254 -0.050587 -0.455170 0.075237 0.265774 -0.950347 0.023472 1.045005 -1.274317 -0.111412 0.318624 -0.775997 0.086087 -1.086245 0.054197 0.315473 -1.325051 0.488932 -0.096259 0.049923 0.529251 0.019037 0.915815 0.047770 -0.053126 -0.010523 0.339273 -0.500506 -0.193309 -1.144575 0.110837 0.384460 0.695094 -0.094150 -0.659660 0.650473 -0.022762 0.438763 -0.519156 0.113749 -0.659124 -0.032369 -0.472275 0.054628 1.068868 0.422318 
-0.085048 0.318715 0.114149 0.147689 0.437579 -0.174196 0.191666 -0.059140 -0.367442 0.126161 0.461506 0.266394 0.305583 0.621460 -0.128472 0.067778 -0.099505 0.282096 -0.386468 -0.321657 -0.266031 -0.739719 0.013658 0.311382 -0.520179 0.005002 0.056368 0.375735 0.523582 -0.071740 0.613135 -0.029842 0.016698 -0.655470 0.469184 0.003981 0.962251 -2.646065 0.180767 -0.638189 1.086471 -0.135781 0.097437 0.663638 -0.006779 0.284895 -0.570801 -0.247661 -1.119986 0.076951 0.635798 0.698141 -0.495048 -0.157587 0.115258 0.318715 0.083539 -0.192974 0.437579 -0.122136 -0.292659 -0.059140 -0.293429 -0.040841 0.461506 0.291915 -0.330005 0.621460 -0.031343 0.019566 -0.099505 0.289463 0.289376 -0.321657 -0.369312 0.798956 0.013658 0.076245 0.513273 0.005002 -0.101562 -0.380012 0.523582 0.043752 -0.580164 -0.029842 0.199055 0.626742 0.469184 -0.191965 -0.864345 -2.646065 0.459904 0.568509 1.086471 -0.320186 -0.095014 0.663638 0.022631 -0.345859 -0.570801 -0.151271 1.258757 0.076951 0.272283 -0.713342 -0.495048 0.058113 
-0.307332 -0.419814 0.293379 -0.284817 -0.409953 0.095604 0.340204 -0.007017 -0.278931 -0.201944 0.025612 0.048459 -0.388687 -0.208158 0.126622 0.430472 -0.141657 0.272807 0.273161 -0.261046 -0.185381 -1.805035 -1.021584 0.531601 1.880825 1.390699 -0.840777 0.588295 0.140569 0.085005 -0.188810 -0.364587 0.187411 -0.389303 0.032913 -0.118849 0.115355 0.269624 -0.008771 0.147325 -0.572608 0.020273 -0.471329 -0.396949 0.056536 0.088783 0.107454 0.004055 -0.065113 0.614041 -0.167264 0.388892 0.272676 -0.500900 0.380926 -0.419814 0.188201 0.300370 -0.409953 0.006177 -0.407982 -0.007017 -0.164595 0.207200 0.025612 -0.014065 0.408764 -0.208158 0.004757 -0.329348 -0.141657 0.388921 -0.316060 -0.261046 -0.095337 1.881420 -1.021584 -0.031756 -2.046090 1.390699 -0.240674 -0.536057 0.140569 0.256826 0.236165 -0.364587 0.122467 0.336039 0.032913 -0.229694 -0.112710 0.269624 0.026082 -0.134546 -0.572608 0.063348 0.466703 -0.396949 -0.086812 -0.083520 0.107454 0.030386 0.012186 0.614041 -0.179077 -0.520742 0.272676 -0.361891 
-0.110319 0.187107 0.021024 0.516224 0.403947 -0.271331 0.012952 1.227001 -0.275834 0.773907 0.182274 -0.311904 0.691319 0.100327 -0.115182 -0.206355 -0.378309 0.130697 -0.742830 -0.351408 -0.161927 -0.835318 -0.787828 -0.014010 0.443430 0.229499 0.085443 -0.149159 0.928707 0.379311 -0.120748 -0.559216 -0.466951 1.039220 -0.131213 0.821423 -0.376120 0.550269 -0.037812 -0.010196 0.913521 -0.007807 0.364860 -0.281908 0.119852 0.044221 -0.811884 -0.171832 0.149481 -1.416447 0.864214 -1.233693 0.069436 0.204436 0.111563 0.187107 -0.012883 -0.573699 0.403947 -0.104771 -0.094741 1.227001 -0.259377 -0.831739 0.182274 -0.066533 -0.694167 0.100327 0.096545 0.235971 -0.378309 0.063102 0.660565 -0.351408 -0.376391 0.793010 -0.787828 -0.262847 -0.397673 0.229499 0.213978 0.255637 0.928707 0.317450 -0.024223 -0.559216 -0.481701 -0.746462 -0.131213 1.094307 0.347661 0.550269 -0.148418 0.007399 0.913521 -0.010496 -0.312412 -0.281908 0.223352 -0.093522 -0.811884 -0.150782 0.115448 -1.416447 0.869415 1.238443 0.069436 -0.173350 
-0.168537 -0.487409 -0.247612 0.102764 -0.473654 0.190595 0.900040 0.771442 0.493146 0.136990 -0.813550 -0.674221 0.177860 0.089171 0.050413 -1.248374 0.262776 -0.028149 -1.117769 0.549394 0.445139 0.429788 0.702072 -0.422571 0.682400 0.640748 0.212695 -0.183327 -0.041692 0.002720 0.994569 -0.444155 0.694804 -1.059697 -0.429280 -0.579597 -0.128820 0.636880 0.028778 0.063090 0.190314 -0.015304 0.318111 -0.205112 0.010723 0.164706 -0.286865 -0.119986 -0.225606 -0.279304 0.539800 0.364777 -0.660237 -0.848902 0.086892 -0.487409 -0.286646 -0.041151 -0.473654 0.212588 -0.711677 0.771442 0.739446 -0.332102 -0.813550 -0.602535 -0.154685 0.089171 0.101232 1.182990 0.262776 -0.399705 1.199699 0.549394 0.090988 -0.536378 0.702072 -0.274924 -0.587731 0.640748 0.406794 0.175772 -0.041692 -0.052157 -0.741665 -0.444155 0.960132 0.838228 -0.429280 -0.869634 0.131535 0.636880 -0.011009 -0.064781 0.190314 0.004237 -0.300389 -0.205112 0.105241 -0.193024 -0.286865 -0.065319 0.376527 -0.279304 0.447783 -0.601663 -0.660237 -0.701213 
-0.209549 -0.285102 0.073419 0.071899 -0.325726 -0.177422 1.763266 0.764581 0.370692 -0.531225 -0.170508 -0.163594 -0.210929 -0.425308 0.345398 -0.494862 -1.607027 -0.436084 0.220880 -1.049619 0.252758 -0.077397 0.683030 -0.082218 -0.735829 0.310085 0.399039 0.660306 0.854665 -0.867218 -0.874375 0.190606 -0.314108 0.745563 -0.002987 0.504159 0.051851 -0.068159 -0.021386 0.128899 -0.382896 -0.019469 -0.203088 -0.149056 0.219468 0.035939 0.455092 -0.137896 -0.524592 0.849126 0.133943 0.081842 0.037436 -0.213007 0.221912 -0.285102 0.007484 -0.121606 -0.325726 -0.147851 -1.572077 0.764581 0.880393 0.458120 -0.170508 -0.314784 0.304459 -0.425308 0.266637 0.342035 -1.607027 -0.563977 -0.135310 -1.049619 0.307190 0.049309 0.683030 -0.101581 0.821423 0.310085 0.161062 -0.889173 0.854665 -0.630430 0.740656 0.190606 -0.560914 -0.560962 -0.002987 0.703820 -0.055872 -0.068159 -0.004924 -0.128831 -0.382896 0.019917 0.259366 -0.149056 0.148797 -0.075483 0.455092 -0.120868 0.540653 0.849126 -0.028846 -0.141723 0.037436 -0.178842 
0.049184 -0.157336 -0.330304 -0.014344 -0.317990 0.294343 0.038433 0.117160 0.783519 0.113994 0.205080 -0.743769 -0.274798 -0.096200 0.477874 0.596469 -0.154660 -1.183250 0.777785 -0.109703 0.509873 -0.966635 0.406869 -0.428774 0.214730 0.833161 0.633164 -0.297237 -1.577664 -0.497131 0.311257 0.574351 0.264764 -0.263433 0.164327 -0.213692 0.146189 -1.073345 -0.025843 -0.171277 0.983921 0.028228 0.039428 0.240831 0.167404 0.055510 -0.033710 -0.083433 0.466872 -0.854750 0.018134 -0.862398 0.943162 0.432028 -0.145588 -0.157336 -0.300539 0.101599 -0.317990 0.276625 0.197328 0.117160 0.759237 -0.330926 0.205080 -0.675777 0.404978 -0.096200 0.373992 -0.922636 -0.154660 -0.951103 -0.590007 -0.109703 0.718896 0.794459 0.406869 -0.697901 -0.015828 0.833161 0.668397 0.135197 -1.577664 -0.563215 -0.217976 0.574351 0.345640 0.187588 0.164327 -0.282616 -0.147235 -1.073345 0.018998 0.171890 0.983921 -0.024214 0.012368 0.240831 0.171539 -0.077895 -0.033710 -0.063046 -0.440148 -0.854750 0.156743 0.952067 0.943162 0.154745 
0.128329 0.138890 -0.202132 -0.326461 0.270939 -0.111653 0.601172 1.517740 -0.102274 -0.186177 0.432655 0.350527 -0.230481 0.606649 -0.640131 -0.433881 -0.414987 0.111423 -0.256580 -0.223526 -0.553013 -0.313583 -0.300432 0.236388 -0.048033 -0.614372 0.061233 1.068915 -0.524987 0.158658 0.400915 0.230206 0.983504 -0.191190 -0.252027 -0.613231 -0.193993 0.031067 -0.068302 0.196435 -0.217137 0.048170 -0.462162 0.528512 0.241642 0.052315 0.662051 -0.175805 0.515193 -0.401647 -0.671720 -0.469481 -1.164329 1.601309 -0.182841 0.138890 -0.154580 0.278215 0.270939 -0.204059 -0.604279 1.517740 0.081941 0.282368 0.432655 0.278924 0.028779 0.606649 -0.679751 0.447356 -0.414987 -0.023246 0.079705 -0.223526 -0.604404 0.369871 -0.300432 0.131944 0.064129 -0.614372 0.044093 -0.972744 -0.524987 0.470660 -0.088883 0.230206 1.058354 -0.000685 -0.252027 -0.642344 0.164740 0.031067 -0.123123 -0.173083 -0.217137 0.104639 0.513238 0.528512 0.092583 -0.102434 0.662051 -0.152157 -0.692295 -0.401647 -0.487194 0.926303 -1.164329 1.388008 
-0.404771 0.299026 -0.398325 0.179008 0.204309 -0.050393 1.149650 0.919255 -0.168785 0.002329 -1.008023 0.194145 0.111320 -0.570405 -0.473134 0.153652 0.014254 0.243121 0.087169 0.701126 -0.456850 0.168721 0.325259 0.325543 0.312230 0.341185 -0.467245 -1.569541 -1.753543 1.199954 -0.337818 1.025141 -0.502470 0.355114 0.191902 0.374720 0.248218 -0.705337 -0.036542 0.026561 0.016981 0.026807 -0.155629 0.022236 0.128316 -0.167179 0.160491 -0.077673 -0.343173 0.711602 0.024299 -0.090593 -0.455111 0.115870 0.267333 0.299026 -0.501034 -0.185888 0.204309 0.005370 -1.147589 0.919255 0.182274 0.055760 -1.008023 0.185980 -0.247546 -0.570405 -0.418293 -0.074028 0.014254 0.277915 -0.219634 0.701126 -0.409965 -0.063793 0.325259 0.361075 -0.437527 0.341185 -0.352669 1.856286 -1.753543 0.676426 0.172331 1.025141 -0.580430 -0.226992 0.191902 0.463677 -0.247803 -0.705337 0.039259 -0.017343 0.016981 0.033516 0.186849 0.022236 0.075979 0.136351 0.160491 -0.124057 0.334768 0.711602 -0.079303 0.121064 -0.455111 0.083525 
-0.217868 -0.013768 0.315295 0.333480 0.036218 -0.029568 0.200137 0.347424 0.014202 -0.292633 -0.343802 -0.233399 -0.634987 -0.360473 0.008182 1.980437 1.136016 -0.141977 -1.970103 -1.636455 0.508084 0.619718 0.282815 -0.248589 -0.021999 0.469028 -0.381664 0.035196 0.037902 -0.103804 0.155333 -0.155807 0.116451 0.113612 0.141871 0.055154 0.037089 -0.111426 -0.028027 0.065941 -0.478481 0.017365 -0.108834 0.370424 0.050151 0.036915 -0.045826 -0.012914 -0.153529 0.078623 -0.142958 -0.152006 0.132748 0.445691 0.302091 -0.013768 0.235836 -0.327090 0.036218 0.071379 -0.186761 0.347424 0.073327 0.209570 -0.343802 -0.310144 0.608449 -0.360473 -0.181838 -1.932451 1.136016 0.455983 2.031931 -1.636455 -0.103499 -0.665677 0.282815 -0.052157 -0.092994 0.469028 -0.370815 -0.064592 0.037902 -0.088555 -0.113464 -0.155807 0.157528 -0.091954 0.141871 0.086568 -0.043767 -0.111426 -0.015671 -0.057745 -0.478481 0.036266 0.118845 0.370424 0.015357 -0.039087 -0.045826 -0.001299 0.103826 0.078623 -0.182287 0.278179 0.132748 0.379951 
0.222273 -0.005611 0.224752 -0.107076 -0.041213 0.007227 -0.186874 0.799613 0.093733 -0.534822 0.768274 0.419917 -0.385866 0.383771 0.012098 0.318980 0.069086 -0.320894 0.110595 -0.447032 0.069248 0.310185 -0.541418 -0.414044 0.340687 -0.522772 0.208983 -0.069823 -0.474833 -0.036965 -0.183084 0.403817 0.149617 0.041043 -0.147728 -0.122350 -0.240417 0.600150 0.025356 -0.442834 1.943754 0.085720 0.373474 -2.312986 0.085685 0.475637 -1.426852 -0.159098 -0.306310 1.589955 -0.209730 0.254093 -0.682965 0.109240 -0.145004 -0.005611 0.280879 0.104347 -0.041213 -0.025082 0.206339 0.799613 0.033643 0.635825 0.768274 0.241021 0.371868 0.383771 -0.103697 -0.400260 0.069086 -0.210981 -0.084866 -0.447032 0.099118 -0.419687 -0.541418 -0.302507 -0.262723 -0.522772 0.301195 0.055596 -0.474833 -0.056131 0.219412 0.403817 0.088108 -0.075711 -0.147728 -0.104508 0.237017 0.600150 -0.047605 0.448224 1.943754 -0.050449 -0.330838 -2.312986 0.193317 -0.501445 -1.426852 -0.009782 0.229692 1.589955 -0.291640 -0.209871 -0.682965 0.180142 
-0.244465 -0.032881 -0.360198 -0.095935 0.189401 0.602480 0.022513 -0.921606 -0.159003 0.683389 -1.523467 0.071858 0.555542 -1.001836 -0.519192 -0.020760 -0.116039 -0.272536 -0.180991 0.254994 -0.289881 -0.355087 0.736268 0.344693 -0.797892 0.676331 -0.054965 0.876094 0.508213 0.503171 0.693947 -0.655857 0.081595 -0.262963 0.021510 -0.083190 -0.235130 0.109398 -0.078063 -0.063827 0.518807 0.089513 0.336485 -1.232113 0.068725 0.094351 -0.009492 -0.085647 -0.256835 1.378208 -0.435233 -0.709074 1.205802 0.789531 0.125731 -0.032881 -0.416771 0.271494 0.189401 0.546330 -0.068974 -0.921606 -0.145022 -0.630738 -1.523467 0.272681 -0.685249 -1.001836 -0.329577 -0.061583 -0.116039 -0.266297 0.086154 0.254994 -0.330705 0.441827 0.736268 0.222910 0.745060 0.676331 -0.290756 -0.685831 0.508213 0.741861 -0.637906 -0.655857 0.285126 0.226115 0.021510 -0.157929 0.201084 0.109398 -0.144725 0.087648 0.518807 0.066365 -0.300602 -1.232113 0.166083 -0.115624 -0.009492 -0.053559 0.115125 1.378208 -0.492075 0.912514 1.205802 0.541723 
-0.227758 -0.203985 0.439254 0.415356 0.289910 -0.088828 -0.424534 0.827136 0.582613 0.022251 0.212473 -0.183966 -0.010486 -0.159708 -0.049749 0.592115 -1.277602 -0.233752 1.041088 -0.456459 -0.242851 0.077831 -0.423896 -0.285403 -0.468827 0.484047 -0.393111 -1.741653 1.652665 0.331531 1.135910 -0.955245 0.622068 -0.116007 0.030581 -0.425479 0.018243 0.117147 0.021747 0.141392 -0.356481 0.007273 -0.159559 0.044828 0.137208 -0.146918 0.375264 -0.148329 -0.216850 0.413698 -0.186716 0.071566 -0.455060 0.229853 0.348551 -0.203985 0.351184 -0.422929 0.289910 0.039277 0.579162 0.827136 0.429231 -0.076179 0.212473 -0.168924 -0.004851 -0.159708 -0.050610 -0.634903 -1.277602 -0.046241 -1.066102 -0.456459 0.079166 -0.159517 -0.423896 -0.249132 0.330023 0.484047 -0.515189 1.761178 1.652665 -0.203765 -0.898279 -0.955245 0.932928 -0.016361 0.030581 -0.440706 -0.010915 0.117147 0.026203 -0.132766 -0.356481 0.049170 0.193256 0.044828 0.083292 0.095913 0.375264 -0.185438 0.151188 0.413698 -0.242959 0.000348 -0.455060 0.240736 
-1.406572 -0.723116 0.598951 1.570947 0.568183 0.675122 0.439896 -0.751053 -0.012370 -0.163622 -0.098844 -0.952474 -0.921119 1.363092 -0.729085 -0.132308 -0.243824 0.841852 0.305356 0.269695 0.031881 0.332209 -0.385449 -0.080267 0.207433 -0.826281 -0.202168 0.200917 -0.063131 -0.235916 -0.080885 0.189446 -0.026212 -0.022368 -0.003013 -0.081926 0.043264 -0.313752 0.047433 -0.190944 0.401472 -0.036537 0.231276 -0.585592 -0.001014 -0.138083 0.582081 -0.021695 0.131467 -0.170962 -0.093845 -0.343899 0.616892 0.103574 1.521258 -0.723116 0.151526 -1.297615 0.568183 1.113490 -0.423513 -0.751053 0.119574 -0.128313 -0.098844 -0.957870 0.661329 1.363092 -0.970912 0.377698 -0.243824 0.763914 -0.281898 0.269695 0.121624 -0.341020 -0.385449 0.022614 -0.258345 -0.826281 -0.130989 -0.262206 -0.063131 -0.165142 0.069365 0.189446 -0.049173 -0.003121 -0.003013 -0.084867 -0.027123 -0.313752 0.058189 0.171317 0.401472 -0.091897 -0.221023 -0.585592 0.068105 0.125302 0.582081 -0.061945 -0.153495 -0.170962 -0.050298 0.359136 0.616892 -0.003862 
0.020800 0.009700 0.007200 0.005700 0.004700 0.003300 0.002100 0.001600 0.001000 0.000900 0.000800 0.000800 0.000700 0.000600 0.000500 0.000500 0.000400 0.000400 0.000400 0.000300 0.000300 0.000300 0.000300 0.000300 0.000200 0.000200 0.000200 0.000200 0.000200 0.000200 0.000200 0.000100 0.000100 0.000100 0.000100 0.000100 0.000100 0.000100 0.000100 0.000100 0.000100 0.000100 