-3.2663 -0.59754 5.78743
-3.47831 -0.547459 8.68056
-3.56435 -0.742872 9.05276
-3.40355 -0.249159 8.94331
-3.37734 -0.274153 8.42876
-3.49511 -0.720247 8.32237
-3.33415 -0.744131 6.1301
-3.18233 -0.302131 6.0375
-3.16743 -0.284656 5.5446
-3.26869 -0.72425 5.41648
-3.33176 -0.616396 5.03343
-3.25462 -0.107207 5.04638
-3.22856 0.250716 4.72188
-3.2707 0.653186 5.07068
-3.41284 0.684728 7.61427
-3.40526 0.216024 8.28138
-3.57938 -0.0700892 9.15483
-3.64975 -0.615769 9.26251
-4.46121 -0.347016 5.69397
-4.66501 -0.298656 8.58774
-4.71928 -0.500729 8.96231
-4.65182 0.0125532 8.84599
-4.61037 -0.0156372 8.33241
-4.66644 -0.474665 8.23077
-4.50856 -0.497904 6.0382
-4.4559 -0.0351145 5.93813
-4.39034 -0.0282613 5.44897
-4.45564 -0.475395 5.32359
-4.30012 -0.413368 4.95692
-4.16853 0.0844052 4.97421
-4.00956 0.414461 4.65915
-3.86167 0.777089 5.02282
-4.07762 0.824107 7.56112
-4.36716 0.417697 8.20541
-4.45178 0.112817 9.08552
-4.62147 -0.412037 9.18571
2.49511 1.25791 6.02633
2.76274 1.25225 8.91527
2.81191 1.46114 9.28673
2.75432 0.944932 9.17857
2.71717 0.964045 8.66402
2.73944 1.42483 8.55743
2.53526 1.41529 6.36855
2.47637 0.951539 6.2769
2.45945 0.931411 5.78386
2.46651 1.38244 5.65565
2.54432 1.28987 5.27093
2.57346 0.775688 5.28384
2.60092 0.420066 4.95878
2.7291 0.0348075 5.30663
2.93594 0.0329591 7.84619
2.84453 0.490066 8.5141
2.96607 0.805781 9.3858
2.92484 1.35427 9.49424
3.71549 1.25818 5.92541
3.97473 1.25251 8.81506
3.99151 1.46139 9.18957
4.02908 0.945207 9.07217
3.97644 0.964318 8.5596
3.93573 1.42508 8.45845
3.73472 1.41555 6.2695
3.777 0.95182 6.1686
3.70841 0.931681 5.68052
3.67878 1.3827 5.55558
3.53361 1.29008 5.19153
3.50712 0.77589 5.20878
3.39918 0.420237 4.89786
3.33328 0.0349371 5.26173
3.61532 0.0331052 7.7936
3.82721 0.490278 8.43511
3.85747 0.805973 9.31543
3.91757 1.35449 9.41462
2.56466 1.25723 5.92509
2.53192 1.25151 8.82389
2.53634 1.46039 9.19809
2.49123 0.944198 9.08631
2.51931 0.96332 8.56889
2.55475 1.42409 8.46612
2.5596 1.4146 6.26986
2.51273 0.950863 6.17265
2.55896 0.930739 5.67967
2.58153 1.38177 5.55315
2.70122 1.28918 5.17774
2.72783 0.774991 5.19583
2.71887 0.419362 4.87293
2.80188 0.0340751 5.23738
2.82629 0.0321839 7.78175
2.67028 0.489312 8.4321
2.67701 0.805002 9.31096
2.62546 1.3535 9.41453
3.79045 1.25722 6.01459
3.7493 1.25149 8.91287
3.72124 1.46037 9.28732
3.77151 0.94418 9.17277
3.78413 0.963302 8.65923
3.75636 1.42408 8.55348
3.76441 1.41458 6.3588
3.81903 0.950845 6.26272
3.81347 0.930721 5.77087
3.79921 1.38175 5.64332
3.69526 1.28916 5.26744
3.66595 0.774974 5.27964
3.52142 0.419343 4.96785
3.40948 0.0340591 5.31782
3.50923 0.0321688 7.85722
3.65765 0.489294 8.5203
3.57286 0.804984 9.40021
3.62297 1.35348 9.50491
2.39409 1.25822 5.94184
2.40692 1.25307 8.84175
2.41878 1.46203 9.21585
2.37162 0.945813 9.10445
2.38858 0.964832 8.58717
2.42184 1.42559 8.48354
2.3969 1.41566 6.28648
2.34791 0.951897 6.19011
2.38333 0.931674 5.69677
2.40335 1.38268 5.56976
2.51651 1.29001 5.19272
2.54361 0.775829 5.20992
2.54743 0.420136 4.88703
2.63826 0.0349215 5.24882
2.68188 0.0335387 7.79451
2.53514 0.490797 8.44842
2.56182 0.806662 9.32703
2.51176 1.35518 9.43131
3.62016 1.25822 5.99586
3.62457 1.25307 8.89548
3.60393 1.46203 9.2702
3.6522 0.945813 9.1554
3.65369 0.964832 8.64135
3.62371 1.42559 8.53621
3.60197 1.41566 6.34034
3.65452 0.951897 6.24355
3.63812 0.931674 5.75175
3.6213 1.38268 5.62442
3.51072 1.29001 5.2499
3.48189 0.775829 5.26322
3.35005 0.420136 4.95075
3.24588 0.0349215 5.30376
3.36489 0.0335387 7.84461
3.52268 0.490797 8.50453
3.45779 0.806662 9.38513
3.50942 1.35518 9.48898
-0.579221 0.00501655 -6.47583
-1.52774 0.572028 -9.15723
-1.63958 0.440216 -9.55035
-1.62719 0.923055 -9.32984
-1.45989 0.804742 -8.85774
-1.41539 0.333305 -8.8587
-0.682071 -0.0822051 -6.83012
-0.681349 0.352523 -6.63475
-0.502863 0.277497 -6.18175
-0.463125 -0.189036 -6.15589
-0.232464 -0.167955 -5.82772
-0.189399 0.339691 -5.75136
0.0403904 0.630658 -5.43164
0.0374525 1.07964 -5.71897
-0.889797 1.57112 -8.03741
-1.27118 1.24649 -8.68376
-1.51306 1.10887 -9.57873
-1.61745 0.589758 -9.76298
0.592478 0.0278905 -6.83692
-0.364072 0.594733 -9.51578
-0.506455 0.461993 -9.89779
-0.404767 0.947806 -9.71111
-0.251274 0.82859 -9.2315
-0.266892 0.355773 -9.21288
0.469756 -0.0598426 -7.18445
0.566273 0.37755 -7.02268
0.696201 0.300956 -6.55153
0.70106 -0.166469 -6.51385
0.721011 -0.151508 -6.11045
0.710271 0.355316 -6.01868
0.814531 0.641175 -5.64666
0.625198 1.08655 -5.8767
-0.232063 1.58072 -8.2235
-0.324269 1.26293 -8.96512
-0.652153 1.12266 -9.82857
-0.660579 0.606216 -10.0465
-2.10347 0.914636 -5.99029
-2.2143 0.900176 -8.88894
-2.28495 1.10107 -9.26172
-2.1397 0.602503 -9.15159
-2.12607 0.622368 -8.6371
-2.23575 1.07025 -8.52947
-2.15967 1.06569 -6.33327
-2.02102 0.619317 -6.24043
-2.01883 0.597253 -5.74803
-2.11294 1.03801 -5.61849
-2.19096 0.927932 -5.23964
-2.12617 0.417085 -5.2547
-2.14983 0.0498002 -4.93554
-2.19293 -0.348492 -5.28781
-2.21131 -0.343445 -7.83408
-2.16719 0.132216 -8.49671
-2.31353 0.429814 -9.37254
-2.3666 0.9782 -9.47637
-3.30603 0.69264 -5.91418
-3.4086 0.679706 -8.81332
-3.44727 0.8865 -9.18702
-3.39601 0.370599 -9.07501
-3.367 0.393292 -8.5594
-3.41459 0.852637 -8.45502
-3.34161 0.847502 -6.25806
-3.30277 0.382711 -6.16152
-3.24958 0.370055 -5.67031
-3.30749 0.817489 -5.54236
-3.16546 0.74801 -5.17081
-3.04588 0.24728 -5.19009
-2.93568 -0.0953282 -4.87062
-2.78753 -0.458316 -5.2351
-2.88025 -0.466974 -7.78104
-3.13519 -0.0465042 -8.42871
-3.19142 0.267716 -9.30702
-3.34447 0.797654 -9.40714
1.79185 1.25714 6.18507
1.7717 1.25141 9.08609
1.78229 1.4603 9.46051
1.73595 0.944093 9.3476
1.75295 0.963218 8.83147
1.78622 1.424 8.72786
1.79548 1.41451 6.52963
1.74653 0.950761 6.43259
1.78159 0.930643 5.94012
1.80188 1.38167 5.81331
1.9181 1.28911 5.43798
1.94556 0.774928 5.45426
1.98776 0.419308 5.13242
2.0787 0.0340399 5.49255
2.05297 0.0321431 8.04019
1.89677 0.489239 8.69474
1.92531 0.804935 9.57397
1.87367 1.35342 9.67781
3.01634 1.25738 6.22151
2.98778 1.25165 9.1223
2.96583 1.46053 9.49669
3.01508 0.944342 9.38317
3.01648 0.963463 8.86835
2.98655 1.42423 8.76344
2.99897 1.41474 6.56579
3.05159 0.951014 6.46954
3.03477 0.930886 5.97726
3.01822 1.38191 5.84995
2.91054 1.2893 5.47358
2.8822 0.775109 5.48756
2.78832 0.41946 5.16912
2.68452 0.0341547 5.52337
2.73437 0.0322733 8.06955
2.88259 0.489429 8.72979
2.81945 0.805106 9.60903
2.86956 1.35362 9.71367
1.56924 1.25833 6.57015
1.80389 1.25323 9.46192
1.8484 1.4622 9.83389
1.79213 0.945972 9.72529
1.76166 0.964984 9.21016
1.78529 1.42574 9.10379
1.60482 1.41578 6.91285
1.54714 0.952006 6.82061
1.53667 0.931781 6.32729
1.54535 1.38278 6.19908
1.62771 1.29014 5.81522
1.65665 0.77596 5.82872
1.68298 0.420272 5.50414
1.80663 0.0350827 5.85392
1.9901 0.0337365 8.39526
1.89133 0.490975 9.0617
2.00126 0.806862 9.93474
1.95883 1.35537 10.0426
2.79109 1.25858 6.48756
3.01734 1.25348 9.37991
3.02943 1.46244 9.7546
3.06839 0.946227 9.63761
3.02243 0.965236 9.12453
2.98302 1.42598 9.02275
2.80573 1.41602 6.83186
2.84931 0.952266 6.73152
2.78714 0.932031 6.24268
2.75908 1.38303 6.11729
2.61827 1.29033 5.75168
2.59149 0.776147 5.76859
2.48235 0.420432 5.45737
2.41168 0.0352036 5.82024
2.67042 0.0338725 8.3544
2.87526 0.491172 8.99842
2.89383 0.80704 9.87918
2.95283 1.35557 9.97892
1.42603 1.25792 6.96135
1.77189 1.25277 9.83936
1.83901 1.46173 10.2088
1.777 0.945513 10.1003
1.71078 0.964532 9.59082
1.72734 1.42529 9.48267
1.48784 1.41536 7.30091
1.4235 0.951597 7.2112
1.37765 0.931374 6.72144
1.37847 1.38238 6.59301
1.44238 1.28971 6.20824
1.4728 0.775529 6.21747
1.58159 0.419836 5.89214
1.72949 0.0346215 6.22865
1.89997 0.0332387 8.76458
1.82224 0.490497 9.43942
1.9984 0.806362 10.3055
1.95959 1.35488 10.4148
2.63572 1.25792 6.74533
2.97326 1.25277 9.62473
3.00804 1.46173 9.9973
3.04119 0.945513 9.88144
2.95919 0.964532 9.36986
2.91318 1.42529 9.27127
2.67672 1.41536 7.08764
2.71318 0.951597 6.98612
2.61571 0.931374 6.50074
2.58002 1.38238 6.37719
2.42157 1.28971 6.01649
2.39699 0.775529 6.03732
2.3698 0.419836 5.71554
2.32533 0.0346215 6.08665
2.57125 0.0332387 8.61944
2.79495 0.490497 9.24981
2.87998 0.806362 10.1245
2.94214 1.35488 10.222
-1.24257 0.616569 7.30777
-1.93158 0.225398 10.0987
-2.09043 0.373008 10.4691
-1.8962 -0.101884 10.3333
-1.77611 -0.0136707 9.83983
-1.91054 0.433227 9.75977
-1.37768 0.719234 7.64653
-1.2117 0.288738 7.52756
-1.06521 0.344982 7.06
-1.2019 0.780934 6.95431
-0.976131 0.789258 6.62107
-0.74625 0.328308 6.6295
-0.451247 0.0783369 6.33658
-0.292613 -0.283107 6.6961
-0.952039 -0.646828 9.12957
-1.43026 -0.375892 9.73268
-1.72365 -0.185203 10.6007
-2.01609 0.282449 10.7012
-0.158862 1.08861 7.6279
-0.855309 0.694195 10.4166
-1.04283 0.829333 10.778
-0.764456 0.391031 10.6691
-0.657933 0.473366 10.1706
-0.848225 0.895941 10.0736
-0.312504 1.1832 7.96098
-0.0569182 0.791697 7.86978
0.0438783 0.828069 7.3877
-0.125334 1.24986 7.27206
-0.0969732 1.1723 6.87721
0.0834291 0.689786 6.8714
0.258993 0.387915 6.53884
0.245267 -0.0486063 6.8475
-0.347763 -0.38347 9.30275
-0.557018 0.00456518 9.98729
-0.931177 0.160119 10.8298
-1.13386 0.666827 10.9581
1.27263 1.2567 7.52166
1.46748 1.25067 10.4164
1.50871 1.45954 10.789
1.45417 0.943291 10.6789
1.42673 0.962476 10.1642
1.45052 1.42331 10.0581
1.3066 1.41405 7.86461
1.24996 0.950247 7.77143
1.24216 0.930209 7.27855
1.25131 1.38128 7.15062
1.33817 1.28888 6.7683
1.36783 0.774738 6.7812
1.42309 0.41925 6.45707
1.54519 0.0340671 6.80639
1.66566 0.0318389 9.35118
1.55592 0.488679 10.0178
1.66172 0.804344 10.8922
1.61696 1.35276 10.9996
2.49398 1.25844 7.43401
2.68044 1.2524 10.3293
2.6892 1.46122 10.704
2.73009 0.945107 10.588
2.68705 0.96427 10.074
2.64777 1.42501 9.97223
2.507 1.41576 7.77837
2.55173 0.9521 7.67853
2.49214 0.931989 7.18889
2.46452 1.383 7.06343
2.32792 1.29029 6.69559
2.30193 0.776068 6.71266
2.22128 0.420388 6.39623
2.14914 0.0349285 6.75952
2.34509 0.0328074 9.29991
2.53907 0.490079 9.94568
2.55335 0.805614 10.8259
2.61014 1.35417 10.9267
1.16217 1.25792 7.82393
1.3621 1.25277 10.7182
1.40483 1.46173 11.0907
1.34928 0.945513 10.9807
1.31991 0.964532 10.4663
1.34395 1.42529 10.3599
1.19782 1.41536 8.16669
1.14017 0.951597 8.0738
1.1304 0.931374 7.58108
1.13976 1.38238 7.45295
1.22559 1.28971 7.07061
1.25462 0.775529 7.08346
1.31505 0.419836 6.75955
1.43796 0.0346215 7.10829
1.55564 0.0332387 9.65299
1.44737 0.490497 10.32
1.55729 0.806362 11.194
1.51344 1.35488 11.3013
2.38304 1.25792 7.72846
2.57458 1.25277 10.6234
2.58483 1.46173 10.9979
2.62472 0.945513 10.8822
2.57973 0.964532 10.3682
2.54073 1.42529 10.2664
2.39774 1.41536 8.07269
2.44145 0.951597 7.97297
2.37988 0.931374 7.48344
2.35248 1.38238 7.35789
2.21487 1.28971 6.99025
2.18829 0.775529 7.00777
2.11276 0.419836 6.6908
2.04151 0.0346215 7.05477
2.23468 0.0332387 9.59541
2.43006 0.490497 10.2403
2.44846 0.806362 11.1201
2.50615 1.35488 11.2206
1.02002 1.42458 8.05977
0.908459 1.41886 10.9577
0.904539 1.62774 11.332
0.862146 1.11154 11.2185
0.900748 1.13067 10.7025
0.93833 1.59144 10.6005
1.00849 1.58195 8.40425
0.963571 1.11821 8.30577
1.01957 1.09808 7.81443
1.04492 1.54911 7.68847
1.17404 1.45652 7.31664
1.20043 0.942336 7.33478
1.22125 0.586707 7.01241
1.29685 0.20142 7.37747
1.22757 0.199528 9.92282
1.05273 0.656657 10.5701
1.04278 0.972346 11.4492
0.988264 1.52085 11.5513
2.24262 1.42456 8.16346
2.12266 1.41884 11.0608
2.08624 1.62772 11.4343
2.13935 1.11152 11.3216
2.16235 1.13064 10.808
2.13681 1.59142 10.7018
2.21012 1.58193 8.50689
2.26666 1.11819 8.41235
2.27082 1.09806 7.92025
2.25938 1.54909 7.79241
2.16484 1.4565 7.41342
2.13551 0.942317 7.42549
2.02033 0.586688 7.10722
1.9015 0.201404 7.4556
1.90774 0.199513 9.99957
2.03691 0.656638 10.6656
1.93538 0.972327 11.5426
1.9825 1.52083 11.6487
0.719199 1.29657 8.41931
0.970458 1.29143 11.3097
1.01737 1.50038 11.6814
0.960323 0.984166 11.5731
0.926473 1.00318 11.0582
0.949511 1.46394 10.9517
0.757124 1.45401 8.76176
0.698737 0.99025 8.66986
0.684997 0.970027 8.17668
0.692951 1.42103 8.04842
0.772998 1.32836 7.66413
0.80194 0.814182 7.67738
0.828868 0.458489 7.35259
0.954737 0.0732745 7.70144
1.14986 0.0718917 10.2419
1.05488 0.52915 10.9091
1.17076 0.845015 11.7814
1.12903 1.39354 11.8895
1.94032 1.29657 8.3274
2.1832 1.29143 11.2184
2.1977 1.50038 11.593
2.23585 0.984166 11.4759
2.18651 1.00318 10.963
2.14654 1.46394 10.8615
1.95732 1.45401 8.67158
2.00015 0.99025 8.571
1.93473 0.970027 8.08254
1.90597 1.42103 7.95733
1.76294 1.32836 7.59251
1.7362 0.814182 7.60964
1.62769 0.458489 7.2986
1.55936 0.0732745 7.66202
1.82972 0.0718917 10.1951
2.03819 0.52915 10.8378
2.06275 0.845015 11.7183
2.12241 1.39354 11.8177
-0.845323 -0.998075 8.75416
-0.949712 -0.937063 11.6519
-1.02981 -1.12892 12.0277
-0.862328 -0.639074 11.9099
-0.848208 -0.667462 11.3961
-0.977698 -1.11156 11.2949
-0.909527 -1.14107 9.0993
-0.75067 -0.702865 8.99984
-0.746012 -0.688552 8.50739
-0.859659 -1.12654 8.3843
-0.932837 -1.01864 8.00428
-0.845315 -0.511019 8.01142
-0.867044 -0.144408 7.68835
-0.893214 0.260818 8.03379
-0.89044 0.289336 10.5788
-0.865683 -0.178445 11.2488
-1.02836 -0.455445 12.1292
-1.10573 -0.999365 12.2409
-2.03679 -0.723464 8.66328
-2.133 -0.664338 11.5616
-2.18142 -0.863518 11.9382
-2.10702 -0.35215 11.8191
-2.07769 -0.384076 11.3035
-2.14566 -0.842362 11.2061
-2.08056 -0.871171 9.0094
-2.02059 -0.410138 8.90614
-1.9654 -0.407502 8.41462
-2.04319 -0.853767 8.29328
-1.89839 -0.796208 7.92043
-1.75658 -0.301088 7.93278
-1.64574 0.0348314 7.6073
-1.48243 0.396387 7.96734
-1.55328 0.441941 10.513
-1.8248 0.0425075 11.1661
-1.89821 -0.255115 12.0486
-2.07463 -0.776165 12.1566
0.735502 1.25697 8.9937
0.853148 1.25127 11.8919
0.887475 1.46016 12.2655
0.834818 0.943955 12.1532
0.815682 0.963072 11.639
0.841842 1.42385 11.5331
0.764919 1.41434 9.33723
0.709189 0.950594 9.24264
0.708946 0.930469 8.75025
0.721038 1.3815 8.62247
0.816707 1.28893 8.24317
0.845829 0.77475 8.25591
0.941218 0.41914 7.93566
1.05737 0.0338791 8.28568
1.07266 0.0319913 10.8315
0.943984 0.489091 11.4965
1.03782 0.8048 12.3735
0.990648 1.35329 12.4796
1.95817 1.25723 8.90943
2.06742 1.25153 11.8082
2.06923 1.46041 12.1827
2.11212 0.944227 12.0687
2.07736 0.963341 11.5531
2.04039 1.42411 11.4507
1.96661 1.4146 9.25393
2.01237 0.950871 9.15545
1.96027 0.930736 8.66421
1.93556 1.38176 8.53814
1.80749 1.28914 8.16642
1.78091 0.774951 8.18389
1.74019 0.419314 7.86265
1.6619 0.0340117 8.22619
1.75277 0.032139 10.772
1.92816 0.489303 11.4208
1.93037 0.804993 12.3002
1.98487 1.3535 12.4024
0.70964 1.25657 9.2471
0.674648 1.25085 12.1467
0.680088 1.45973 12.521
0.634813 0.943534 12.4088
0.660785 0.962656 11.8918
0.695843 1.42343 11.7888
0.706376 1.41394 9.59179
0.659079 0.9502 9.49453
0.70312 0.930075 9.0018
0.725321 1.3811 8.87524
0.844783 1.28851 8.50007
0.871565 0.774327 8.5177
0.877845 0.418698 8.19481
0.962347 0.0334115 8.55819
0.967326 0.03152 11.104
0.809976 0.488648 11.7553
0.82118 0.804337 12.6343
0.769425 1.35284 12.7378
1.93475 1.25656 9.32394
1.89135 1.25083 12.2231
1.86428 1.45971 12.5975
1.91448 0.943519 12.4833
1.92493 0.96264 11.9694
1.89678 1.42342 11.8639
1.9105 1.41392 9.66811
1.96472 0.950184 9.5721
1.95693 0.930059 9.08012
1.9423 1.38109 8.9526
1.83803 1.2885 8.57635
1.80894 0.774313 8.589
1.67944 0.418682 8.27475
1.5691 0.0333981 8.62571
1.64952 0.0315072 11.1677
1.79657 0.488633 11.8304
1.71619 0.804322 12.7099
1.76612 1.35282 12.8147
0.659267 1.25822 9.59134
0.535888 1.25307 12.4901
0.535439 1.46203 12.8648
0.49269 0.945813 12.7497
0.523627 0.964832 12.235
0.559874 1.42559 12.1322
0.654232 1.41566 9.93586
0.607821 0.951897 9.83717
0.655877 0.931674 9.34638
0.679958 1.38268 9.22016
0.808452 1.29001 8.84953
0.835613 0.775829 8.86606
0.914968 0.420136 8.54869
0.996182 0.0349215 8.9101
0.849593 0.0335387 11.4538
0.668779 0.490797 12.1037
0.674977 0.806662 12.984
0.619586 1.35518 13.0858
1.88242 1.25822 9.64769
1.75064 1.25307 12.546
1.71769 1.46203 12.9193
1.77046 0.945813 12.8084
1.7858 0.964832 12.2931
1.7589 1.42559 12.1874
1.85641 1.41566 9.99128
1.91149 0.951897 9.89705
1.9077 0.931674 9.40404
1.89497 1.38268 9.27618
1.79975 1.29001 8.89579
1.77117 0.775829 8.90968
1.7145 0.420136 8.58676
1.60119 0.0349215 8.9392
1.53015 0.0335387 11.486
1.65345 0.490797 12.1496
1.56804 0.806662 13.026
1.61432 1.35518 13.1322
-3.40429 -2.97457 8.91603
-4.64853 -4.15737 11.254
-4.81679 -4.12095 11.6467
-4.76615 -4.53898 11.3244
-4.53119 -4.31359 10.9223
-4.49678 -3.85683 11.042
-3.56266 -2.97201 9.26018
-3.52513 -3.34846 8.97089
-3.28054 -3.1703 8.57968
-3.24711 -2.71154 8.67103
-2.97486 -2.65493 8.37786
-2.91298 -3.13131 8.19175
-2.72444 -3.32535 7.79439
-2.76398 -3.83126 7.96607
-3.84465 -4.86849 10.0262
-4.30043 -4.70326 10.678
-4.67944 -4.77653 11.5288
-4.81722 -4.31558 11.8166
-2.32196 -3.12301 9.47248
-3.57365 -4.3048 11.8067
-3.7713 -4.26507 12.1859
-3.63384 -4.69236 11.9023
-3.41386 -4.46628 11.4955
-3.43572 -4.00224 11.5873
-2.49912 -3.11813 9.80755
-2.37031 -3.5054 9.56144
-2.17275 -3.32212 9.14897
-2.17229 -2.85928 9.22438
-2.10173 -2.77931 8.83701
-2.08875 -3.24849 8.62467
-2.02551 -3.43104 8.17547
-2.23713 -3.9133 8.25854
-3.24848 -4.95719 10.348
-3.43292 -4.82659 11.1336
-3.89481 -4.8906 11.9464
-3.94115 -4.44048 12.2775
-0.471133 1.26499 -10.3328
-0.643561 1.25777 -13.228
-0.701241 1.46439 -13.6
-0.607986 0.953287 -13.4906
-0.579069 0.9726 -12.9771
-0.637217 1.4299 -12.8688
-0.519921 1.42051 -10.6751
-0.427699 0.961992 -10.5834
-0.41508 0.940819 -10.0913
-0.458053 1.38939 -9.96154
-0.538942 1.28901 -9.58102
-0.529996 0.77412 -9.59495
-0.600702 0.410971 -9.27499
-0.695493 0.018915 -9.6236
-0.74974 0.022971 -12.1682
-0.667832 0.490093 -12.8341
-0.804576 0.799898 -13.7079
-0.800421 1.35065 -13.8127
-1.6884 1.17379 -10.2179
-1.85247 1.16719 -13.1138
-1.87775 1.37624 -13.4873
-1.87972 0.858017 -13.3747
-1.8352 0.878489 -12.8596
-1.83048 1.34049 -12.7563
-1.7163 1.33086 -10.5615
-1.72518 0.864789 -10.464
-1.66088 0.847477 -9.97389
-1.6672 1.29879 -9.84658
-1.52518 1.21508 -9.47764
-1.46079 0.704345 -9.49789
-1.39578 0.351318 -9.17818
-1.29699 -0.0262327 -9.54523
-1.42659 -0.0277993 -12.089
-1.6475 0.416655 -12.732
-1.69294 0.733284 -13.6098
-1.79007 1.27646 -13.7088
0.239089 1.25594 10.6323
0.360879 1.25024 13.531
0.390787 1.45913 13.9044
0.338799 0.942926 13.7936
0.328566 0.962046 13.2777
0.356358 1.42283 13.1724
0.261169 1.41332 10.9761
0.207153 0.949565 10.8816
0.216063 0.929442 10.3882
0.229759 1.38047 10.2606
0.327048 1.2879 9.88017
0.355429 0.773724 9.89471
0.393535 0.418103 9.57132
0.50336 0.0328399 9.92564
0.58866 0.0309655 12.4722
0.464038 0.488067 13.1343
0.539577 0.803772 14.011
0.492979 1.35226 14.1173
1.46326 1.25619 10.5981
1.57665 1.25049 13.4971
1.57405 1.45937 13.872
1.61755 0.943189 13.7565
1.59177 0.962305 13.242
1.55638 1.42307 13.1389
1.46436 1.41356 10.9428
1.51185 0.949833 10.8441
1.46892 0.9297 10.3532
1.4458 1.38072 10.2269
1.31937 1.28811 9.85609
1.29195 0.773916 9.8718
1.19417 0.418266 9.55662
1.10931 0.0329628 9.91632
1.27009 0.0311044 12.4585
1.44973 0.488268 13.1102
1.43367 0.803954 13.9911
1.48875 1.35247 14.0932
0.173495 1.25805 10.9928
0.287525 1.25293 13.8906
0.322528 1.46189 14.2642
0.269839 0.945667 14.1517
0.249096 0.964682 13.6379
0.274978 1.42544 13.5317
0.204297 1.4155 11.3363
0.148263 0.951727 11.2417
0.146341 0.931503 10.7495
0.158176 1.38251 10.6216
0.253797 1.28986 10.2427
0.283093 0.775686 10.2552
0.392 0.420014 9.93641
0.509327 0.0348235 10.2856
0.506075 0.03344 12.8304
0.375845 0.490672 13.4957
0.4731 0.806557 14.3728
0.425709 1.35507 14.4787
1.39626 1.2583 10.898
1.50189 1.25317 13.7965
1.50438 1.46213 14.1708
1.54722 0.945923 14.0573
1.51086 0.964934 13.5414
1.47362 1.42568 13.4391
1.40609 1.41574 11.2425
1.45153 0.951987 11.1442
1.39776 0.931753 10.6528
1.37279 1.38275 10.5267
1.24471 1.29006 10.1547
1.21829 0.775873 10.1726
1.19115 0.420174 9.85061
1.11402 0.0349443 10.2151
1.18632 0.033576 12.7608
1.36015 0.490869 13.4089
1.3658 0.806735 14.288
1.42006 1.35527 14.3902
0.0875154 1.25792 11.2973
0.223384 1.25277 14.1955
0.256029 1.46173 14.5688
0.203244 0.945513 14.4581
0.188803 0.964532 13.9425
0.215855 1.42529 13.8369
0.11269 1.41536 11.641
0.0577899 0.951597 11.5468
0.0625518 0.931374 11.0536
0.0753988 1.38238 10.9257
0.170448 1.28971 10.5451
0.198923 0.775529 10.5592
0.245522 0.419836 10.2359
0.358188 0.0346215 10.589
0.444038 0.0332387 13.1355
0.322183 0.490497 13.7987
0.405525 0.806362 14.675
0.359474 1.35488 14.7813
1.311 1.25792 11.248
1.43847 1.25277 14.1465
1.43861 1.46173 14.5213
1.48132 0.945513 14.406
1.45131 0.964532 13.8914
1.4152 1.42529 13.7885
1.3152 1.41536 11.5926
1.36179 0.951597 11.4938
1.31471 0.931374 11.0031
1.29075 1.38238 10.8769
1.16211 1.28971 10.5065
1.13482 0.775529 10.5228
1.04548 0.419836 10.2068
0.963563 0.0346215 10.5676
1.12492 0.0332387 13.1102
1.30722 0.490497 13.7604
1.29897 0.806362 14.641
1.35457 1.35488 14.7427
-2.77492 0.206321 11.3246
-3.31881 -0.0245858 14.1651
-3.46744 0.140517 14.532
-3.26407 -0.336007 14.418
-3.16493 -0.27366 13.915
-3.31671 0.163377 13.8143
-2.90145 0.324498 11.6615
-2.72622 -0.107164 11.5622
-2.59845 -0.074239 11.0862
-2.75325 0.350194 10.9605
-2.54254 0.344344 10.6165
-2.29817 -0.108365 10.6436
-2.03902 -0.382273 10.3432
-1.8561 -0.716934 10.7182
-2.35292 -0.925524 13.2085
-2.80882 -0.62966 13.8146
-3.07753 -0.397283 14.6794
-3.37988 0.0670777 14.7646
-1.69936 0.727543 11.5917
-2.25064 0.493055 14.4304
-2.42797 0.644262 14.7908
-2.14021 0.208601 14.6955
-2.05499 0.26422 14.1902
-2.26235 0.674322 14.0761
-1.84437 0.836766 11.9243
-1.57966 0.448453 11.8457
-1.49767 0.459204 11.3595
-1.6849 0.867926 11.2261
-1.67154 0.766486 10.8368
-1.47611 0.290055 10.8513
-1.3374 -0.0421542 10.5259
-1.32552 -0.459703 10.8583
-1.7555 -0.635934 13.3628
-1.9436 -0.210321 14.0332
-2.29317 -0.0171059 14.8797
-2.50588 0.490678 14.9857
-0.173785 1.2529 12.0075
0.184236 1.2471 14.8866
0.246315 1.456 15.2563
0.18568 0.93974 15.1495
0.129457 0.958884 14.6372
0.147246 1.41971 14.5299
-0.1207 1.41027 12.348
-0.182454 0.946461 12.2582
-0.217828 0.926385 11.7665
-0.215885 1.37744 11.6382
-0.1507 1.28502 11.2516
-0.120366 0.770876 11.2629
-0.0849227 0.415363 10.9362
0.0565549 0.0302091 11.2783
0.322224 0.0281879 13.8121
0.250364 0.485079 14.4837
0.40487 0.800814 15.3507
0.366256 1.34924 15.4605
1.04082 1.25465 11.8523
1.3905 1.24885 14.7325
1.42027 1.4577 15.1061
1.45457 0.941575 14.9879
1.38282 0.960697 14.4772
1.33789 1.42143 14.3778
1.07307 1.412 12.1954
1.11214 0.948334 12.0932
1.02524 0.928183 11.6077
0.990623 1.37919 11.484
0.833524 1.28644 11.1245
0.808523 0.77222 11.143
0.708728 0.416512 10.8319
0.657045 0.0310787 11.1986
0.997812 0.0291658 13.7237
1.22803 0.486493 14.3575
1.2915 0.802098 15.2355
1.35389 1.35067 15.3329
-0.180119 1.25792 12.291
0.0474398 1.25277 15.1834
0.092716 1.46173 15.5554
0.0362999 0.945513 15.4462
0.00394899 0.964532 14.9317
0.0273405 1.42529 14.8252
-0.142773 1.41536 12.6335
-0.200936 0.951597 12.5412
-0.213429 0.931374 12.0483
-0.204935 1.38238 11.9201
-0.122337 1.28971 11.5367
-0.0933152 0.775529 11.5497
-0.0474608 0.419836 11.2251
0.0774302 0.0346215 11.5736
0.232779 0.0332387 14.1166
0.131489 0.490497 14.784
0.245799 0.806362 15.657
0.203067 1.35488 15.7647
1.04051 1.25792 12.1943
1.25969 1.25277 15.0873
1.27252 1.46173 15.4618
1.31144 0.945513 15.3454
1.26352 0.964532 14.832
1.22389 1.42529 14.7304
1.05692 1.41536 12.5385
1.10005 0.951597 12.4383
1.03581 0.931374 11.9494
1.00757 1.38238 11.824
0.866891 1.28971 11.4578
0.84029 0.775529 11.4752
0.750383 0.419836 11.1607
0.681152 0.0346215 11.5246
0.911898 0.0332387 14.062
1.11411 0.490497 14.7056
1.137 0.806362 15.5856
1.19573 1.35488 15.6855
-0.286003 1.22846 12.5907
-0.146051 1.22274 15.4884
-0.110151 1.43162 15.8616
-0.163558 0.915425 15.7502
-0.18402 0.934546 15.2357
-0.158102 1.39532 15.1297
-0.256037 1.38583 12.9341
-0.312088 0.92209 12.8399
-0.313441 0.901966 12.3473
-0.301758 1.35299 12.2195
-0.208428 1.2604 11.8391
-0.179524 0.74622 11.8522
-0.10209 0.390591 11.5301
0.0148093 0.0053067 11.8804
0.0677175 0.00341481 14.4268
-0.0548953 0.46054 15.092
0.0404428 0.77623 15.9682
-0.00568969 1.32473 16.0747
0.936279 1.22848 12.5111
1.06784 1.22275 15.4093
1.07123 1.43163 15.7839
1.11336 0.915441 15.6692
1.07726 0.934563 15.1541
1.04007 1.39534 15.0518
0.945275 1.38585 12.8556
0.990695 0.922107 12.7567
0.937487 0.901982 12.266
0.912375 1.35301 12.14
0.78201 1.26042 11.7695
0.755231 0.746233 11.7867
0.696563 0.390604 11.4671
0.61908 0.00531675 11.8301
0.747566 0.00342521 14.3747
0.92894 0.460554 15.0231
0.932668 0.776243 15.9028
0.98818 1.32474 16.0046
-0.234366 1.31268 12.7428
-0.11802 1.30753 15.6416
-0.089458 1.51649 16.0151
-0.141215 1.00027 15.9045
-0.149152 1.01929 15.3882
-0.120822 1.48005 15.283
-0.213982 1.47011 13.0867
-0.267655 1.00636 12.9922
-0.256465 0.986133 12.4987
-0.242192 1.43713 12.371
-0.143921 1.34447 11.9906
-0.115768 0.830288 12.0056
-0.0850044 0.474595 11.6822
0.0231484 0.0893805 12.0375
0.11285 0.0879977 14.5837
-0.0124996 0.545256 15.245
0.058747 0.861121 16.1219
0.012122 1.40964 16.2279
0.990268 1.31268 12.7181
1.0982 1.30753 15.6171
1.09426 1.51649 15.992
1.13798 1.00027 15.8765
1.11451 1.01929 15.3621
1.07965 1.48005 15.2587
0.989669 1.47011 13.0627
1.0375 1.00636 12.9642
0.996861 0.986133 12.4733
0.974312 1.43713 12.3468
0.848874 1.34447 11.9759
0.821187 0.830288 11.9914
0.716139 0.474595 11.6772
0.629529 0.0893805 12.0363
0.794679 0.0879977 14.5779
0.973653 0.545256 15.2301
0.953316 0.861121 16.1112
1.00837 1.40964 16.2132
0.513873 -1.21261 12.9762
0.597756 -1.19151 15.8758
0.563855 -1.39438 16.2526
0.673515 -0.889047 16.1327
0.653023 -0.910328 15.6184
0.56119 -1.36404 15.5187
0.489763 -1.36508 13.3223
0.596847 -0.912139 13.22
0.564108 -0.892088 12.7285
0.485917 -1.33792 12.6059
0.376482 -1.23397 12.2331
0.413828 -0.720267 12.2435
0.351639 -0.356665 11.9259
0.310786 0.0401442 12.2803
0.460402 0.0457955 14.8224
0.575071 -0.423761 15.4807
0.505792 -0.725251 16.3646
0.490228 -1.27526 16.4721
-0.701358 -1.0576 12.9841
-0.60913 -1.03756 15.8837
-0.610784 -1.24456 16.2593
-0.595841 -0.727108 16.1436
-0.600931 -0.750371 15.6273
-0.630058 -1.21208 15.5267
-0.704647 -1.21273 13.3297
-0.698275 -0.746919 13.2305
-0.679593 -0.733444 12.7368
-0.721248 -1.18394 12.6134
-0.60872 -1.10836 12.2331
-0.51596 -0.601719 12.2438
-0.443418 -0.255376 11.9174
-0.291003 0.116781 12.2706
-0.216237 0.132017 14.8172
-0.403537 -0.298989 15.4811
-0.38195 -0.612096 16.3614
-0.498396 -1.14922 16.472
-0.498951 1.25588 13.2322
-0.348013 1.25019 16.1296
-0.313392 1.45907 16.5028
-0.366663 0.942869 16.3922
-0.383935 0.961987 15.8768
-0.357552 1.42277 15.7711
-0.471903 1.41325 13.5757
-0.527226 0.949501 13.4818
-0.525176 0.929377 12.9886
-0.513111 1.38041 12.8608
-0.420056 1.28784 12.4796
-0.391393 0.773658 12.4935
-0.345536 0.418038 12.1699
-0.230857 0.0327765 12.5222
-0.13278 0.0309051 15.0682
-0.251322 0.488007 15.7322
-0.163189 0.803715 16.6081
-0.208801 1.35221 16.7148
0.724221 1.25613 13.1758
0.866757 1.25044 16.0736
0.868883 1.45932 16.4484
0.911085 0.943136 16.3327
0.87824 0.96225 15.8184
0.841486 1.42302 15.7157
0.730299 1.4135 13.5203
0.776432 0.949773 13.4212
0.726658 0.929638 12.9308
0.701924 1.38066 12.8048
0.571341 1.28804 12.4351
0.544254 0.773853 12.4514
0.454203 0.418205 12.1356
0.374355 0.0329024 12.4969
0.54792 0.0310469 15.0387
0.733453 0.488212 15.688
0.730018 0.803901 16.5686
0.786036 1.35241 16.6702
-0.553522 1.25572 13.505
-0.441851 1.25 16.4002
-0.403239 1.45888 16.7739
-0.456472 0.942684 16.6602
-0.484471 0.961805 16.1475
-0.459791 1.42258 16.0409
-0.516809 1.41309 13.8484
-0.574271 0.949349 13.7537
-0.583611 0.929224 13.262
-0.572991 1.38025 13.1341
-0.478918 1.28766 12.7562
-0.449047 0.773478 12.7672
-0.295557 0.417847 12.4545
-0.173034 0.0325638 12.8004
-0.230445 0.0306738 15.3385
-0.363639 0.487799 16.0056
-0.251733 0.803488 16.8835
-0.29939 1.35199 16.9893
0.670261 1.25575 13.3704
0.773528 1.25002 16.2664
0.779681 1.4589 16.6405
0.821778 0.942711 16.5281
0.778297 0.961833 16.0111
0.739838 1.42261 15.9094
0.686011 1.41311 13.715
0.729935 0.949376 13.6167
0.668839 0.929251 13.1248
0.642676 1.38028 12.9989
0.513311 1.28769 12.6264
0.487368 0.773502 12.6457
0.505297 0.417874 12.3226
0.433189 0.0325859 12.6902
0.451097 0.030695 15.2327
0.621944 0.487824 15.8778
0.642388 0.803514 16.7563
0.69629 1.35201 16.8586
-0.639559 1.25822 13.2523
-0.501241 1.25307 16.1501
-0.465608 1.46203 16.5233
-0.518942 0.945813 16.412
-0.539008 0.964832 15.8974
-0.51301 1.42559 15.7914
-0.609874 1.41566 13.5957
-0.665851 0.951897 13.5016
-0.666817 0.931674 13.009
-0.655043 1.38268 12.881
-0.561474 1.29001 12.5008
-0.532585 0.775829 12.5139
-0.455596 0.420136 12.1919
-0.33897 0.0349215 12.5424
-0.286767 0.0335387 15.0889
-0.409721 0.490797 15.7539
-0.315092 0.806662 16.6301
-0.36128 1.35518 16.7364
0.582782 1.25822 13.174
0.712704 1.25307 16.0723
0.715829 1.46203 16.4468
0.758034 0.945813 16.3322
0.722337 0.964832 15.8172
0.685218 1.42559 15.7147
0.591498 1.41566 13.5184
0.636995 0.951897 13.4197
0.584172 0.931674 12.9289
0.55915 1.38268 12.8029
0.429018 1.29001 12.4323
0.402219 0.775829 12.4495
0.343108 0.420136 12.13
0.265343 0.0349215 12.4931
0.393123 0.0335387 15.0377
0.574168 0.490797 15.6861
0.577185 0.806662 16.5659
0.632644 1.35518 16.6676
-6.44982 -1.11298 11.3667
-7.72433 -1.64742 13.9156
-7.87886 -1.51148 14.2926
-7.8495 -1.99556 14.0763
-7.62687 -1.88292 13.6265
-7.57392 -1.41236 13.631
-6.59093 -1.02202 11.7067
-6.57565 -1.45769 11.5139
-6.34499 -1.3884 11.0844
-6.29372 -0.92282 11.0618
-6.02642 -0.950059 10.7638
-5.984 -1.45876 10.6944
-5.71075 -1.7568 10.4141
-5.75479 -2.20399 10.7003
-6.97815 -2.66421 12.882
-7.42909 -2.32902 13.4769
-7.76957 -2.18235 14.3385
-7.88524 -1.66035 14.5072
-5.32402 -1.15375 11.8543
-6.60623 -1.68791 14.3998
-6.78966 -1.55049 14.762
-6.67618 -2.0392 14.5906
-6.46594 -1.92529 14.1311
-6.47047 -1.45239 14.1093
-5.48405 -1.06196 12.1853
-5.37782 -1.50194 12.0374
-5.19297 -1.43019 11.5837
-5.17492 -0.963139 11.5453
-5.10733 -0.980567 11.1469
-5.11692 -1.48767 11.0565
-4.96065 -1.77806 10.7072
-5.18383 -2.21881 10.916
-6.34175 -2.6831 13.1352
-6.51649 -2.35945 13.8581
-6.93826 -2.20859 14.6777
-6.96282 -1.69091 14.8914
0.809935 1.32694 -13.97
0.37989 1.32198 -16.839
0.302253 1.53049 -17.2061
0.378487 1.01554 -17.1026
0.449282 1.0344 -16.5924
0.423276 1.49429 -16.4827
0.742631 1.48406 -14.3081
0.818466 1.02163 -14.2218
0.868943 1.00083 -13.7317
0.859527 1.45128 -13.6016
0.806864 1.35599 -13.2141
0.788806 0.841285 -13.2262
0.757092 0.483595 -12.8995
0.615117 0.096173 -13.2382
0.301378 0.0964696 -15.766
0.345684 0.557274 -16.4382
0.157146 0.871898 -17.2993
0.179555 1.42148 -17.4079
-0.398402 1.29812 -13.7724
-0.820143 1.29336 -16.6428
-0.865583 1.50264 -17.0145
-0.884024 0.985433 -16.8979
-0.797659 1.00466 -16.389
-0.761234 1.46603 -16.2892
-0.444953 1.45573 -14.1137
-0.469578 0.990911 -14.0125
-0.367722 0.971337 -13.5296
-0.340724 1.42265 -13.4051
-0.171875 1.33263 -13.0498
-0.134926 0.819239 -13.0714
-0.0316022 0.464751 -12.7616
0.0185826 0.0819129 -13.1318
-0.370117 0.0804307 -15.6499
-0.62655 0.53407 -16.2752
-0.724345 0.850852 -17.1493
-0.802566 1.39804 -17.2429
-0.773773 1.25491 14.7932
-0.813577 1.24918 17.6942
-0.802205 1.45806 18.0689
-0.848315 0.941858 17.9547
-0.834315 0.960982 17.4396
-0.801512 1.42176 17.3357
-0.767224 1.41228 15.1378
-0.816765 0.94853 15.0404
-0.784995 0.928412 14.5485
-0.765033 1.37944 14.4217
-0.647723 1.28688 14.0476
-0.619812 0.772697 14.0629
-0.537375 0.417084 13.7445
-0.444189 0.0318165 14.1025
-0.531693 0.0299077 16.6486
-0.6945 0.487002 17.3042
-0.658801 0.802699 18.1842
-0.711436 1.35119 18.2877
0.450699 1.25515 14.8031
0.402485 1.24942 17.7041
0.381323 1.4583 18.0782
0.430805 0.942111 17.9659
0.429206 0.961233 17.4501
0.398801 1.422 17.3455
0.436253 1.41252 15.1474
0.488288 0.948788 15.0516
0.468171 0.92866 14.5587
0.451293 1.37968 14.4314
0.344702 1.28707 14.0537
0.316806 0.772883 14.0687
0.263158 0.417243 13.7467
0.16161 0.0319374 14.1031
0.149689 0.0300433 16.6511
0.291297 0.487198 17.3103
0.235318 0.802877 18.1887
0.284431 1.35139 18.2937
-0.890461 1.25784 15.8297
-0.875825 1.2527 18.731
-0.858544 1.46166 19.1053
-0.906605 0.945432 18.9924
-0.900087 0.964452 18.4768
-0.868845 1.42521 18.3723
-0.879218 1.41528 16.174
-0.930157 0.951511 16.0777
-0.905391 0.931293 15.5851
-0.887412 1.3823 15.4579
-0.776651 1.28965 15.0816
-0.748641 0.77548 15.0968
-0.685003 0.419799 14.776
-0.586687 0.0346045 15.1332
-0.611418 0.0332168 17.6809
-0.761172 0.490445 18.3387
-0.713381 0.80632 19.2177
-0.763971 1.35483 19.322
0.333995 1.25809 15.8283
0.340221 1.25294 18.7296
0.324962 1.4619 19.1041
0.372513 0.945688 18.9907
0.363422 0.964705 18.4753
0.331453 1.42545 18.371
0.324242 1.41552 16.1728
0.374891 0.951772 16.076
0.347758 0.931543 15.5837
0.328894 1.38254 15.4566
0.215724 1.28985 15.0812
0.187932 0.775667 15.0964
0.11544 0.419959 14.7766
0.0190247 0.0347256 15.134
0.0699006 0.0333529 17.6813
0.224576 0.490642 18.3383
0.180675 0.806498 19.2177
0.231845 1.35503 19.3217
-1.03272 1.25792 15.9212
-0.803362 1.25277 18.8125
-0.754187 1.46173 19.1844
-0.811302 0.945513 19.0743
-0.851082 0.964532 18.5614
-0.829093 1.42529 18.4544
-0.989378 1.41536 16.2632
-1.04896 0.951597 16.171
-1.06905 0.931374 15.6791
-1.06196 1.38238 15.5508
-0.981201 1.28971 15.1682
-0.951644 0.775529 15.1798
-0.86389 0.419836 14.8564
-0.733815 0.0346215 15.2014
-0.626008 0.0332387 17.7446
-0.729099 0.490497 18.4142
-0.599775 0.806362 19.2868
-0.642743 1.35488 19.3945
0.185587 1.25792 15.7854
0.406579 1.25277 18.6776
0.423302 1.46173 19.0516
0.461598 0.945513 18.9363
0.406144 0.964532 18.4224
0.365193 1.42529 18.3215
0.208014 1.41536 16.1292
0.249692 0.951597 16.0292
0.177826 0.931374 15.5403
0.148205 1.38238 15.4152
0.00569709 1.28971 15.0487
-0.0202155 0.775529 15.0674
-0.0685153 0.419836 14.7476
-0.132187 0.0346215 15.1143
0.0511484 0.0332387 17.6548
0.251236 0.490497 18.296
0.289103 0.806362 19.1745
0.347566 1.35488 19.2744
-5.73197 -0.603352 14.9785
-6.20808 -0.710257 17.838
-6.33861 -0.525316 18.2028
-6.15183 -1.01167 18.1009
-6.07214 -0.974999 17.5934
-6.21573 -0.538603 17.4787
-5.84008 -0.465981 15.3147
-5.68089 -0.906602 15.2275
-5.57273 -0.899146 14.7467
-5.72044 -0.476237 14.608
-5.52086 -0.502013 14.2598
-5.28744 -0.959756 14.2969
-4.9987 -1.23144 14.014
-4.80909 -1.55392 14.3943
-5.2999 -1.67758 16.8899
-5.73469 -1.34728 17.4974
-5.95875 -1.0674 18.3626
-6.24626 -0.591876 18.437
-4.62794 -0.101313 15.1523
-5.11163 -0.211665 18.0106
-5.27129 -0.0400185 18.3697
-4.99904 -0.487344 18.2854
-4.93305 -0.456984 17.7736
-5.13351 -0.0464757 17.6493
-4.75491 0.027467 15.4852
-4.50459 -0.371613 15.4149
-4.44285 -0.38535 14.9248
-4.62366 0.0224829 14.7802
-4.6248 -0.0948265 14.3938
-4.44183 -0.575481 14.4237
-4.27427 -0.902608 14.113
-4.26026 -1.30493 14.4658
-4.68367 -1.39778 16.9764
-4.84469 -0.942824 17.6309
-5.15085 -0.700402 18.4799
-5.34707 -0.18327 18.5713
-1.10512 1.25002 15.967
-0.932406 1.24396 18.8599
-0.886914 1.45283 19.2327
-0.941715 0.936586 19.1202
-0.979156 0.955756 18.6081
-0.957124 1.41658 18.5012
-1.06251 1.40738 16.3097
-1.12106 0.943576 16.2161
-1.13932 0.923523 15.7246
-1.13177 1.37459 15.5967
-1.04523 1.28219 15.2166
-1.01453 0.76805 15.2271
-0.875217 0.412677 14.9101
-0.745891 0.0275061 15.2539
-0.740314 0.0251195 17.794
-0.859599 0.481945 18.4635
-0.732416 0.797639 19.3388
-0.778547 1.34605 19.4457
0.115423 1.25178 15.8141
0.279758 1.24571 18.7078
0.292795 1.45454 19.0818
0.333369 0.938426 18.9682
0.280334 0.957576 18.4524
0.239346 1.41831 18.3516
0.137099 1.40911 16.1583
0.179864 0.945453 16.059
0.109833 0.925328 15.5685
0.080641 1.37634 15.4433
-0.0561425 1.28363 15.0736
-0.0810615 0.769406 15.0931
-0.0775912 0.413846 14.7698
-0.142372 0.0283944 15.1382
-0.0613555 0.0261121 17.6804
0.122886 0.483372 18.3225
0.158614 0.798938 19.2006
0.213963 1.3475 19.3018
-1.03234 1.25792 15.8714
-1.0973 1.25277 18.7714
-1.09359 1.46173 19.1458
-1.13808 0.945513 19.0327
-1.11091 0.964532 18.5165
-1.07554 1.42529 18.4135
-1.0358 1.41536 16.2159
-1.08291 0.951597 16.1183
-1.038 0.931374 15.6263
-1.01526 1.38238 15.4998
-0.892802 1.28971 15.1261
-0.865874 0.775529 15.1433
-0.831772 0.419836 14.8215
-0.748073 0.0346215 15.184
-0.797969 0.0332387 17.7309
-0.963423 0.490497 18.382
-0.952872 0.806362 19.2613
-1.0059 1.35488 19.3642
0.191481 1.25792 15.9386
0.118123 1.25277 18.8382
0.0893109 1.46173 19.2122
0.140375 0.945513 19.0992
0.151953 0.964532 18.5848
0.124139 1.42529 18.4792
0.167039 1.41536 16.2825
0.221469 0.951597 16.1871
0.214502 0.931374 15.6948
0.200424 1.38238 15.5672
0.09906 1.28971 15.1894
0.0702143 0.775529 15.2026
-0.0317449 0.419836 14.8841
-0.142676 0.0346215 15.2358
-0.117005 0.0332387 17.7815
0.0218169 0.490497 18.4444
-0.0592792 0.806362 19.3227
-0.010594 1.35488 19.4279
-1.29166 1.50462 15.9314
-1.26852 1.49889 18.8315
-1.25464 1.70777 19.2057
-1.30233 1.19158 19.0941
-1.28853 1.2107 18.577
-1.25588 1.67148 18.4733
-1.28654 1.66199 16.276
-1.33614 1.19825 16.1797
-1.30383 1.17812 15.6863
-1.2845 1.62915 15.5593
-1.17296 1.53656 15.182
-1.1457 1.02237 15.1987
-1.13515 0.666746 14.8757
-1.04211 0.28146 15.2365
-0.998603 0.279568 17.7827
-1.14345 0.736695 18.4378
-1.11094 1.05238 19.3164
-1.1607 1.60088 19.421
-0.065795 1.50461 15.9739
-0.0510659 1.49888 18.8738
-0.0696944 1.70777 19.2486
-0.0219204 1.19157 19.1337
-0.0236128 1.21069 18.6195
-0.054203 1.67147 18.5147
-0.0816704 1.66198 16.3184
-0.0297238 1.19824 16.2214
-0.0492428 1.17811 15.7296
-0.0667613 1.62914 15.6024
-0.178996 1.53655 15.2281
-0.207645 1.02237 15.2417
-0.332829 0.666736 14.9284
-0.434754 0.281451 15.2822
-0.315829 0.27956 17.8239
-0.156145 0.736686 18.4831
-0.215225 1.05238 19.3638
-0.163273 1.60088 19.4676
-1.35959 1.3337 16.1088
-1.47831 1.32856 19.0053
-1.48514 1.53751 19.3794
-1.52689 1.0213 19.2664
-1.48318 1.04032 18.75
-1.44464 1.50107 18.6483
-1.3751 1.49114 16.4532
-1.41901 1.02738 16.3548
-1.35788 1.00716 15.8634
-1.33151 1.45816 15.7375
-1.20068 1.36549 15.3658
-1.17465 0.851313 15.3848
-1.17575 0.49562 15.0618
-1.1038 0.110406 15.4288
-1.15287 0.109023 17.9726
-1.32801 0.566281 18.6179
-1.34794 0.882146 19.4964
-1.40252 1.43067 19.5983
-0.136947 1.3337 16.2362
-0.264065 1.32856 19.1319
-0.303371 1.53751 19.5053
-0.249703 1.0213 19.3923
-0.221554 1.04032 18.8794
-0.246128 1.50107 18.7728
-0.173423 1.49114 16.5794
-0.115928 1.02738 16.4851
-0.106593 1.00716 15.9933
-0.117005 1.45816 15.8653
-0.209687 1.36549 15.4866
-0.239381 0.851313 15.498
-0.376303 0.49562 15.1823
-0.498796 0.110406 15.5288
-0.472421 0.109023 18.0698
-0.343632 0.566281 18.7369
-0.455085 0.882146 19.6139
-0.408086 1.43067 19.7199
2.00146 -0.879845 16.4375
1.79704 -0.888538 19.3316
1.78578 -1.09934 19.7052
1.76496 -0.581185 19.5927
1.79579 -0.598762 19.078
1.83948 -1.05868 18.9743
1.9903 -1.03871 16.7813
1.97903 -0.572081 16.6858
1.9846 -0.553611 16.1927
2.04143 -1.00184 16.0672
1.94325 -0.924907 15.684
1.83916 -0.420476 15.6943
1.74012 -0.0774345 15.3681
1.56273 0.287649 15.7155
1.4266 0.2833 18.2597
1.59882 -0.149611 18.9287
1.53892 -0.472856 19.8044
1.66251 -1.00842 19.9149
0.793312 -1.05966 16.3519
0.597197 -1.06712 19.2466
0.61804 -1.27314 19.6224
0.502876 -0.769026 19.5034
0.549106 -0.78431 18.9897
0.655167 -1.23494 18.8904
0.802873 -1.21544 16.6971
0.691355 -0.76373 16.5947
0.748142 -0.737638 16.1051
0.841333 -1.18045 15.9821
0.964127 -1.07064 15.6142
0.91509 -0.558011 15.6285
0.950405 -0.194976 15.3113
0.965142 0.198704 15.6724
0.754399 0.18325 18.2115
0.626226 -0.294368 18.8594
0.656811 -0.604147 19.7414
0.679989 -1.15466 19.8448
-1.17508 1.25506 16.6727
-1.15515 1.24934 19.5737
-1.13498 1.45822 19.9482
-1.1836 0.942019 19.8346
-1.18234 0.96114 19.3197
-1.15207 1.42192 19.2149
-1.15972 1.41243 17.017
-1.21166 0.948678 16.9207
-1.1922 0.928557 16.4284
-1.17524 1.37959 16.3011
-1.06614 1.28702 15.925
-1.03774 0.772841 15.9392
-0.949437 0.417229 15.6204
-0.847365 0.0319642 15.9754
-0.896984 0.0300633 18.522
-1.04696 0.48716 19.1815
-0.988872 0.802861 20.0608
-1.03946 1.35135 20.1653
0.0494136 1.25531 16.646
0.0609362 1.24958 19.5472
0.0485685 1.45846 19.9216
0.0955478 0.942279 19.8087
0.0812104 0.961398 19.2927
0.0482687 1.42217 19.1889
0.0437773 1.41267 16.9906
0.0934204 0.948944 16.8937
0.060996 0.928813 16.4012
0.0411079 1.37984 16.2743
-0.0737039 1.28722 15.8987
-0.101107 0.773033 15.9147
-0.148904 0.417394 15.5931
-0.24157 0.0320898 15.9524
-0.215598 0.0302037 18.5002
-0.0611548 0.487362 19.1556
-0.0947443 0.803045 20.0348
-0.0435784 1.35156 20.1388
-1.32606 1.25502 17.0234
-0.999497 1.2493 19.9031
-0.934207 1.45818 20.273
-0.995586 0.941984 20.1638
-1.05967 0.961105 19.6542
-1.04263 1.42188 19.5462
-1.26549 1.41239 17.3633
-1.32947 0.948645 17.2731
-1.37334 0.92852 16.7832
-1.3719 1.37955 16.6548
-1.30572 1.28696 16.2707
-1.27526 0.772776 16.2798
-1.15678 0.417148 15.9556
-1.01024 0.031866 16.2924
-0.865553 0.0299763 18.8289
-0.948204 0.4871 19.5036
-0.775263 0.802791 20.3708
-0.814858 1.35129 20.4799
-0.115269 1.25506 16.8086
0.202971 1.24934 19.6897
0.235912 1.45822 20.0624
0.269719 0.942028 19.9469
0.189866 0.961148 19.4347
0.144297 1.42192 19.336
-0.0755245 1.41243 17.1511
-0.0386361 0.94869 17.0498
-0.134153 0.928564 16.5638
-0.169255 1.37959 16.4401
-0.325549 1.287 16.0783
-0.35015 0.772812 16.0991
-0.367662 0.417183 15.7764
-0.413666 0.031895 16.1476
-0.193527 0.0300057 18.682
0.0254808 0.487138 19.3134
0.107241 0.802828 20.1885
0.168686 1.35133 20.2865
-1.33919 1.25822 17.2187
-1.04455 1.25307 20.1051
-0.991463 1.46203 20.476
-1.05024 0.945813 20.3684
-1.09298 0.964832 19.8544
-1.07177 1.42559 19.7474
-1.29517 1.41566 17.5605
-1.35516 0.951897 17.4695
-1.3775 0.931674 16.9767
-1.37169 1.38268 16.8484
-1.29767 1.29001 16.4631
-1.26846 0.775829 16.4756
-1.23943 0.420136 16.1503
-1.10755 0.0349215 16.4966
-0.882416 0.0335387 19.0345
-0.96772 0.490797 19.7035
-0.836359 0.806662 20.5738
-0.876508 1.35518 20.6826
-0.120268 1.25822 17.1022
0.165994 1.25307 19.9893
0.186716 1.46203 20.3635
0.223031 0.945813 20.246
0.164797 0.964832 19.7339
0.123097 1.42559 19.6331
-0.0971439 1.41566 17.446
-0.0560566 0.951897 17.3448
-0.130018 0.931674 16.8574
-0.160873 1.38268 16.7327
-0.309645 1.29001 16.37
-0.335997 0.775829 16.3877
-0.442309 0.420136 16.077
-0.504274 0.0349215 16.4418
-0.203968 0.0335387 18.9718
0.0137047 0.490797 19.611
0.053851 0.806662 20.4907
0.11495 1.35518 20.5892
-8.10643 0.140986 15.4695
-9.27431 -0.05281 18.1168
-9.41853 0.131203 18.4761
-9.40921 -0.375972 18.3219
-9.18354 -0.323611 17.8587
-9.11731 0.142394 17.8077
-8.24624 0.275635 15.795
-8.24542 -0.18015 15.6571
-8.01208 -0.168758 15.2206
-7.94831 0.289221 15.1424
-7.69029 0.219686 14.8388
-7.66548 -0.294854 14.8321
-7.52588 -0.628825 14.5162
-7.58483 -1.03797 14.8578
-8.5804 -1.20542 17.1951
-8.98671 -0.789627 17.761
-9.32412 -0.531939 18.593
-9.41979 0.00928988 18.7033
-7.00853 0.120339 16.0176
-8.18398 -0.0733195 18.6612
-8.35814 0.111107 19.0079
-8.26027 -0.39718 18.8893
-8.05004 -0.344813 18.4228
-8.04097 0.122174 18.3447
-7.16745 0.255292 16.3344
-7.07372 -0.201883 16.2374
-6.88834 -0.189867 15.7813
-6.85809 0.268647 15.6877
-6.80547 0.202074 15.2955
-6.83017 -0.311433 15.2624
-6.81872 -0.644188 14.9009
-7.05221 -1.05004 15.1551
-7.97695 -1.21823 17.5187
-8.10753 -0.807077 18.214
-8.5294 -0.548239 19.0105
-8.532 -0.00840316 19.1618
1.19985 1.33319 -17.7315
0.91549 1.33528 -20.6188
0.860256 1.54498 -20.9891
0.924257 1.02902 -20.8828
0.967445 1.04668 -20.3692
0.941545 1.50681 -20.2605
1.15339 1.49136 -18.0726
1.21835 1.02793 -17.983
1.24169 1.00621 -17.4907
1.23121 1.45667 -17.3608
1.15734 1.36188 -16.9763
1.13335 0.847468 -16.9903
1.09209 0.490182 -16.6661
0.963739 0.104835 -17.013
0.764808 0.110343 -19.5528
0.848474 0.570853 -20.2207
0.711844 0.888385 -21.0901
0.746789 1.43768 -21.1967
-0.018113 1.3201 -17.6059
-0.294107 1.32227 -20.494
-0.31695 1.53232 -20.8674
-0.348146 1.01534 -20.7522
-0.289384 1.03317 -20.2397
-0.252394 1.49397 -20.1374
-0.0436837 1.47849 -17.949
-0.0798302 1.01398 -17.8497
-0.00481798 0.992812 -17.3622
0.0213658 1.44367 -17.2359
0.170391 1.35126 -16.8728
0.201887 0.837449 -16.8927
0.296235 0.481613 -16.5803
0.361581 0.0983481 -16.9472
0.0873461 0.103051 -19.4803
-0.131896 0.560308 -20.118
-0.177244 0.878818 -20.996
-0.24358 1.42702 -21.0928
-1.31484 1.25415 18.0345
-0.973545 1.2485 20.9136
-0.907947 1.4574 21.2833
-0.969535 0.941191 21.1748
-1.03322 0.960299 20.6648
-1.01626 1.42108 20.5569
-1.255 1.41154 18.3743
-1.31878 0.947782 18.2844
-1.36208 0.927648 17.7943
-1.36082 1.37868 17.6659
-1.29587 1.2861 17.281
-1.26549 0.771923 17.2905
-1.1663 0.416315 16.9647
-1.02007 0.0310625 17.3023
-0.841715 0.0292087 19.839
-0.920086 0.486316 20.5133
-0.74886 0.802043 21.3799
-0.787892 1.35053 21.4893
-0.104271 1.25444 17.8297
0.228699 1.24878 20.7102
0.261956 1.45767 21.083
0.295531 0.941485 20.9668
0.216083 0.96059 20.4552
0.170447 1.42135 20.3565
-0.0652542 1.41181 18.1722
-0.028193 0.948082 18.0706
-0.123117 0.927937 17.585
-0.158395 1.37896 17.4614
-0.315877 1.28633 17.1005
-0.340548 0.772142 17.1209
-0.377319 0.416505 16.8001
-0.423589 0.031208 17.1704
-0.169802 0.02937 19.7033
0.0534243 0.486547 20.3348
0.133492 0.802253 21.2102
0.195478 1.35077 21.3078
-1.37344 1.25774 18.3579
-0.865504 1.2527 21.2095
-0.775128 1.46168 21.5742
-0.843486 0.945445 21.4688
-0.943321 0.964444 20.9654
-0.933945 1.4252 20.8562
-1.28856 1.4152 18.6928
-1.3587 0.951425 18.607
-1.43721 0.931187 18.1217
-1.44468 1.38219 17.9934
-1.40376 1.28953 17.6065
-1.37242 0.775355 17.613
-1.2529 0.419686 17.2826
-1.08279 0.0345054 17.6076
-0.803373 0.0331785 20.1291
-0.84437 0.490428 20.8085
-0.609584 0.80634 21.6623
-0.642455 1.35485 21.7735
-0.180591 1.25798 18.0472
0.319142 1.25294 20.9009
0.377425 1.46191 21.2703
0.403671 0.945694 21.1536
0.287879 0.96469 20.6474
0.23543 1.42543 20.5521
-0.11631 1.41543 18.3862
-0.0865389 0.95168 18.283
-0.216345 0.931431 17.8042
-0.259952 1.38242 17.6832
-0.439564 1.28972 17.3319
-0.462324 0.775537 17.355
-0.478565 0.41984 17.0312
-0.498122 0.0346223 17.4059
-0.143484 0.0333103 19.9222
0.113518 0.49062 20.537
0.257818 0.806514 21.4038
0.325025 1.35505 21.4975
-1.19721 1.25792 18.5042
-1.05056 1.25277 21.3996
-1.00958 1.46173 21.7727
-1.06389 0.945513 21.6604
-1.09383 0.964532 21.1474
-1.06968 1.42529 21.0407
-1.15976 1.41536 18.8473
-1.21758 0.951597 18.7533
-1.22853 0.931374 18.2615
-1.21868 1.38238 18.1334
-1.12815 1.28971 17.7539
-1.09853 0.775529 17.7654
-0.973401 0.419836 17.4476
-0.849775 0.0346215 17.7939
-0.847683 0.0332387 20.3364
-0.971428 0.490497 21.004
-0.857392 0.806362 21.8801
-0.903612 1.35488 21.9865
0.0244278 1.25792 18.3775
0.162681 1.25277 21.2736
0.171181 1.46173 21.6478
0.212324 0.945513 21.5343
0.166779 0.964532 21.0184
0.12786 1.42529 20.9168
0.0409243 1.41536 18.7218
0.0844967 0.951597 18.623
0.0217337 0.931374 18.1321
-0.0051807 1.38238 18.0064
-0.138176 1.28971 17.6357
-0.164213 0.775529 17.6546
-0.175036 0.419836 17.3319
-0.245692 0.0346215 17.6986
-0.1681 0.0332387 20.2427
0.0119471 0.490497 20.8874
0.0344502 0.806362 21.766
0.0897984 1.35488 21.8675
-3.92718 -0.250951 18.4483
-4.0569 -0.296513 21.346
-4.14682 -0.105548 21.7193
-3.9759 -0.595092 21.6077
-3.94701 -0.564618 21.0925
-4.09875 -0.128539 20.9878
-4.00171 -0.109696 18.7918
-3.85491 -0.552458 18.6955
-3.79457 -0.550829 18.205
-3.95331 -0.128655 18.0765
-3.7948 -0.162079 17.7067
-3.56246 -0.621429 17.7271
-3.37256 -0.928284 17.4088
-3.1484 -1.24814 17.7749
-3.26497 -1.2859 20.3196
-3.6179 -0.938141 20.9643
-3.75568 -0.648409 21.842
-4.02872 -0.168801 21.9406
-2.80998 0.243921 18.5391
-2.94737 0.19496 21.4363
-3.06701 0.372767 21.8083
-2.80873 -0.0781076 21.6996
-2.79415 -0.0539574 21.1854
-3.00358 0.356571 21.0766
-2.90368 0.376687 18.8815
-2.66411 -0.0249981 18.7901
-2.65118 -0.0443583 18.2978
-2.84356 0.362919 18.1673
-2.88956 0.238946 17.7875
-2.70811 -0.242952 17.8031
-2.64268 -0.604886 17.4836
-2.59618 -1.00344 17.8351
-2.64365 -1.01061 20.381
-2.71869 -0.539791 21.0443
-2.94024 -0.287141 21.9185
-3.12035 0.233613 22.0219
-1.16518 1.24872 19.0275
-1.11397 1.24249 21.9271
-1.09729 1.45132 22.3011
-1.14524 0.935079 22.1901
-1.13545 0.954318 21.6727
-1.10426 1.41516 21.5688
-1.15778 1.40603 19.3721
-1.20745 0.942236 19.2762
-1.17885 0.92225 18.7825
-1.16119 1.37333 18.6554
-1.05297 1.28096 18.2769
-1.0249 0.766815 18.2935
-1.02306 0.411252 17.9704
-0.926707 0.0260286 18.3306
-0.851487 0.0237372 20.8757
-0.990302 0.480541 21.5318
-0.951818 0.79611 22.4101
-1.00128 1.34452 22.5153
0.0613879 1.25041 19.0637
0.104178 1.24417 21.9631
0.088361 1.45296 22.3381
0.13581 0.936854 22.2225
0.130161 0.956069 21.7085
0.0980964 1.41682 21.6039
0.0477933 1.40769 19.4084
0.099639 0.944047 19.3108
0.0764492 0.923987 18.8192
0.0572605 1.37501 18.6923
-0.0582112 1.28233 18.3192
-0.0861102 0.768109 18.3328
-0.219811 0.412353 18.0216
-0.318539 0.0268592 18.3759
-0.167992 0.0246751 20.9153
-0.00222147 0.481903 21.5732
-0.0552885 0.797343 22.4547
-0.00306041 1.3459 22.558
-1.1908 1.25792 19.3652
-1.05234 1.25277 22.2628
-1.0219 1.46173 22.6361
-1.07432 0.945513 22.5261
-1.08433 0.964532 22.0096
-1.05645 1.42529 21.9043
-1.16932 1.41536 19.7091
-1.22334 0.951597 19.615
-1.21401 0.931374 19.1212
-1.20036 1.38238 18.9934
-1.10459 1.28971 18.6121
-1.07646 0.775529 18.6272
-1.0593 0.419836 18.3037
-0.949737 0.0346215 18.659
-0.827649 0.0332387 21.2036
-0.94736 0.490497 21.8652
-0.873252 0.806362 22.7415
-0.918978 1.35488 22.8479
0.0343265 1.25792 19.3413
0.164371 1.25277 22.2391
0.162331 1.46173 22.6142
0.205288 0.945513 22.498
0.179809 0.964532 21.984
0.144491 1.42529 21.8807
0.0348283 1.41536 19.686
0.0822621 0.951597 19.5871
0.0398166 0.931374 19.0965
0.0166496 1.38238 18.9702
-0.11117 1.28971 18.6004
-0.138922 0.775529 18.6158
-0.257342 0.419836 18.3042
-0.342625 0.0346215 18.6632
-0.1452 0.0332387 21.2017
0.0394052 0.490497 21.8531
0.0219976 0.806362 22.7346
0.0779018 1.35488 22.8363
-1.26463 1.31341 19.7609
-1.02373 1.30768 22.6516
-0.974022 1.51657 23.0234
-1.03142 1.00037 22.9137
-1.07139 1.01949 22.4005
-1.04948 1.48027 22.2937
-1.22142 1.47077 20.1029
-1.28102 1.00703 20.0108
-1.30117 0.98691 19.5187
-1.29425 1.43794 19.3905
-1.2146 1.34535 19.0074
-1.18513 0.831165 19.0191
-1.10959 0.475537 18.6948
-0.979438 0.0902533 19.04
-0.848731 0.088362 21.583
-0.948572 0.545486 22.2526
-0.819522 0.861177 23.1248
-0.861984 1.40968 23.2329
-0.0463636 1.31343 19.6302
0.186162 1.30771 22.5218
0.203427 1.51659 22.8959
0.241412 1.0004 22.7801
0.185776 1.01952 22.2665
0.144752 1.48029 22.1657
-0.0240714 1.4708 19.974
0.0175685 1.00706 19.8737
-0.0543482 0.986936 19.3851
-0.0841298 1.43796 19.2602
-0.227691 1.34537 18.8943
-0.253701 0.831186 18.9127
-0.314149 0.475557 18.5942
-0.377736 0.0902692 18.9603
-0.171532 0.0883787 21.4996
0.0317674 0.545509 22.1407
0.0693854 0.861198 23.0194
0.128335 1.4097 23.1192
-1.24662 1.31015 20.0071
-1.07829 1.305 22.9035
-1.04223 1.51396 23.2764
-1.09611 0.997742 23.1665
-1.11485 1.01676 22.6508
-1.08871 1.47752 22.545
-1.2188 1.46758 20.3505
-1.27446 1.00383 20.257
-1.27371 0.983603 19.7636
-1.26202 1.4346 19.6356
-1.17092 1.34194 19.2537
-1.1424 0.827758 19.2679
-1.10822 0.472065 18.944
-0.992634 0.0868505 19.2965
-0.868014 0.0854677 21.8414
-0.981966 0.542726 22.5054
-0.891833 0.858591 23.3807
-0.936621 1.40711 23.4876
-0.0232326 1.31015 19.9521
0.136693 1.305 22.8489
0.140276 1.51396 23.2237
0.181798 0.997742 23.1077
0.147526 1.01676 22.5937
0.110537 1.47752 22.491
-0.0163828 1.46758 20.2966
0.0293749 1.00383 20.1973
-0.0216674 0.983603 19.7072
-0.0467669 1.4346 19.5812
-0.179206 1.34194 19.2124
-0.206456 0.827758 19.2287
-0.308021 0.472065 18.915
-0.387002 0.0868505 19.2762
-0.186974 0.0854677 21.8157
0.00312018 0.542726 22.4642
0.00173708 0.858591 23.3452
0.058542 1.40711 23.4462
1.78189 -1.33516 20.2418
1.58146 -1.26614 23.1337
1.50168 -1.4609 23.5082
1.63892 -0.961324 23.3917
1.67355 -0.991747 22.8793
1.57861 -1.44432 22.7773
1.7149 -1.48011 20.5857
1.84675 -1.0326 20.488
1.86838 -1.02097 19.9961
1.78951 -1.46647 19.8728
1.72174 -1.36597 19.4901
1.77368 -0.853468 19.4958
1.72385 -0.488818 19.1705
1.6573 -0.0842931 19.5108
1.59265 -0.0446554 22.0535
1.62892 -0.506166 22.7281
1.45322 -0.788331 23.6049
1.41001 -1.33571 23.7182
0.578152 -1.14405 20.0993
0.385991 -1.07636 22.9922
0.33827 -1.27622 23.3684
0.381273 -0.761604 23.2482
0.431369 -0.794526 22.7338
0.398612 -1.25698 22.6379
0.531833 -1.2923 20.4449
0.563652 -0.828853 20.3402
0.636423 -0.825388 19.8506
0.593822 -1.27666 19.7303
0.746588 -1.2113 19.3616
0.853348 -0.707486 19.3751
0.937869 -0.364342 19.0497
1.06275 0.00979377 19.4129
0.923507 0.0613611 21.9547
0.660256 -0.352519 22.6011
0.574892 -0.649091 23.4827
0.431489 -1.18051 23.589
-1.27331 1.25428 20.4718
-0.969345 1.24862 23.3571
-0.913188 1.45751 23.7277
-0.972573 0.941305 23.6197
-1.02063 0.960417 23.1068
-1.00057 1.4212 22.9997
-1.22522 1.41166 20.8131
-1.28612 0.947905 20.7222
-1.31381 0.927774 20.2302
-1.3092 1.3788 20.1019
-1.23722 1.28623 19.7168
-1.20762 0.772051 19.7284
-1.15764 0.416433 19.4025
-1.02205 0.0311768 19.7464
-0.814237 0.0293288 22.2853
-0.898577 0.486436 22.9559
-0.756942 0.802156 23.8254
-0.797013 1.35065 23.9343
-0.0567711 1.25455 20.3314
0.238834 1.24889 23.2176
0.262615 1.45777 23.5915
0.2984 0.941588 23.4743
0.234739 0.960696 22.9623
0.191978 1.42146 22.8621
-0.0295583 1.41192 20.6749
0.0105831 0.948193 20.5736
-0.0687601 0.928051 20.0866
-0.100783 1.37907 19.9622
-0.251569 1.28645 19.5997
-0.277378 0.772258 19.6181
-0.363033 0.416611 19.3038
-0.420909 0.0313121 19.6701
-0.137789 0.0294804 22.2023
0.0805045 0.486655 22.8398
0.130899 0.802355 23.7184
0.192045 1.35087 23.8168
-1.17906 1.2543 20.5851
-1.0854 1.24858 23.4824
-1.06498 1.45746 23.856
-1.11485 0.941268 23.7464
-1.10877 0.96039 23.2281
-1.07774 1.42117 23.124
-1.16956 1.41167 20.9298
-1.2205 0.947934 20.8347
-1.19521 0.927809 20.3401
-1.17807 1.37884 20.2128
-1.07474 1.28625 19.8325
-1.04741 0.772063 19.8495
-1.07393 0.416434 19.5275
-0.975512 0.0311475 19.8882
-0.836136 0.0292571 22.4285
-0.963474 0.486384 23.0848
-0.919642 0.802074 23.9626
-0.9666 1.35057 24.0683
0.0497839 1.2543 20.6243
0.13501 1.24857 23.5214
0.122997 1.45746 23.8967
0.168267 0.941262 23.78
0.159094 0.960383 23.2664
0.126833 1.42116 23.1619
0.0382938 1.41167 20.9693
0.0887842 0.947926 20.8709
0.0623976 0.927802 20.3798
0.0426974 1.37883 20.253
-0.0773907 1.28624 19.882
-0.106203 0.772053 19.8954
-0.267602 0.416421 19.591
-0.36463 0.0311362 19.9452
-0.150248 0.0292474 22.477
0.0271464 0.486374 23.1331
-0.0204009 0.802063 24.016
0.0342429 1.35056 24.1184
-1.26175 1.25822 20.8492
-1.00057 1.25307 23.7381
-0.955158 1.46203 24.1097
-1.01202 0.945813 24.0023
-1.04236 0.964832 23.4863
-1.01867 1.42559 23.38
-1.227 1.41566 21.192
-1.28466 0.951897 21.1003
-1.29465 0.931674 20.6062
-1.28614 1.38268 20.478
-1.2063 1.29001 20.0929
-1.17765 0.775829 20.1071
-1.18367 0.420136 19.7837
-1.0602 0.0349215 20.1348
-0.819366 0.0335387 22.6706
-0.910447 0.490797 23.336
-0.802493 0.806662 24.2086
-0.843591 1.35518 24.3168
-0.037703 1.25822 20.7819
0.215078 1.25307 23.6713
0.228132 1.46203 24.0462
0.266224 0.945813 23.9281
0.220601 0.964832 23.4157
0.181209 1.42559 23.3138
-0.0238768 1.41566 21.1264
0.0196193 0.951897 21.0256
-0.0419452 0.931674 20.5371
-0.0701584 1.38268 20.4118
-0.213154 1.29001 20.0479
-0.2404 0.775829 20.0642
-0.381155 0.420136 19.76
-0.452374 0.0349215 20.1217
-0.136629 0.0335387 22.6474
0.0760099 0.490797 23.2908
0.0927978 0.806662 24.1728
0.153023 1.35518 24.2719
-11.914 5.75165 -16.403
-13.3263 6.73708 -18.7358
-13.5204 6.66861 -19.1118
-13.457 7.11066 -18.8261
-13.1889 6.91963 -18.4259
-13.1532 6.45582 -18.5139
-12.0969 5.72071 -16.7335
-12.0472 6.11847 -16.4765
-11.7712 5.97395 -16.0915
-11.7345 5.51019 -16.1509
-11.4423 5.4796 -15.8729
-11.3781 5.96971 -15.7276
-11.1887 6.19364 -15.3472
-11.2519 6.68494 -15.5532
-12.4561 7.55053 -17.622
-12.9475 7.32989 -18.228
-13.3884 7.3328 -19.0513
-13.5355 6.84961 -19.2945
-10.882 5.87991 -17.056
-12.3015 6.86448 -19.3844
-12.524 6.79339 -19.745
-12.3761 7.24255 -19.5032
-12.1232 7.05138 -19.0983
-12.1414 6.58143 -19.1538
-11.0829 5.84706 -17.376
-10.9452 6.25358 -17.1687
-10.7149 6.10509 -16.7596
-10.7099 5.63797 -16.8005
-10.6127 5.58866 -16.4145
-10.5948 6.07239 -16.2382
-10.5285 6.28835 -15.8003
-10.7557 6.75918 -15.9023
-11.892 7.62955 -18.0038
-12.1231 7.43796 -18.7653
-12.6443 7.43358 -19.5453
-12.7032 6.95916 -19.8383
1.1543 1.37135 -22.0555
0.866336 1.36387 -24.9424
0.806981 1.57181 -25.3128
0.8853 1.05792 -25.2069
0.924258 1.07689 -24.6923
0.884605 1.53612 -24.5841
1.10652 1.5281 -22.397
1.18386 1.06671 -22.3072
1.20395 1.04575 -21.8142
1.18003 1.49576 -21.6845
1.10842 1.39907 -21.2994
1.09931 0.884192 -21.314
1.0948 0.527064 -20.9902
0.979994 0.138173 -21.339
0.747296 0.13553 -23.8763
0.815685 0.597827 -24.5429
0.677982 0.911253 -25.4128
0.696988 1.46125 -25.5198
-0.0650732 1.32373 -21.952
-0.344665 1.31658 -24.8397
-0.371679 1.52579 -25.2135
-0.38834 1.00818 -25.0973
-0.333959 1.02776 -24.5851
-0.310702 1.48945 -24.4827
-0.0919716 1.4813 -22.2956
-0.11564 1.01597 -22.1958
-0.0439903 0.997015 -21.7083
-0.0312608 1.44847 -21.582
0.119751 1.36048 -21.2194
0.166253 0.847769 -21.2383
0.296813 0.495929 -20.9306
0.375931 0.11461 -21.2958
0.0681938 0.10903 -23.8244
-0.166359 0.559491 -24.4632
-0.212933 0.876481 -25.3426
-0.295116 1.42253 -25.4395
-1.38915 1.25312 23.1425
-0.975195 1.24748 26.0141
-0.908079 1.45638 26.3826
-0.970905 0.940172 26.2777
-1.03253 0.95928 25.7653
-1.01538 1.42006 25.6578
-1.33302 1.4105 23.4825
-1.39616 0.946746 23.3939
-1.43643 0.926613 22.902
-1.43558 1.37764 22.7736
-1.37707 1.28506 22.3852
-1.34739 0.770887 22.397
-1.34625 0.415259 22.0718
-1.20164 0.0300055 22.4136
-0.854787 0.0281878 24.9377
-0.911704 0.485301 25.6088
-0.749411 0.801025 26.4736
-0.785019 1.34952 26.5839
-0.174102 1.25339 22.9886
0.231516 1.24776 25.8612
0.266448 1.45664 26.2346
0.298109 0.940458 26.1151
0.2212 0.959563 25.6059
0.175682 1.42033 25.5068
-0.138761 1.41077 23.3315
-0.101346 0.947038 23.2285
-0.19292 0.926893 22.7444
-0.228565 1.37791 22.621
-0.391634 1.28529 22.2649
-0.417401 0.771096 22.2832
-0.550509 0.415436 21.9805
-0.599144 0.0301392 22.3467
-0.177681 0.0283389 24.8587
0.0671163 0.48552 25.489
0.138727 0.801224 26.3673
0.203848 1.34974 26.4633
-1.21532 1.25778 22.3438
-1.09309 1.25266 25.2395
-1.06963 1.46162 25.6129
-1.12035 0.94539 25.5041
-1.11824 0.964409 24.9855
-1.0881 1.42517 24.881
-1.2034 1.41522 22.6884
-1.25495 0.951446 22.5939
-1.23335 0.931228 22.099
-1.21734 1.38223 21.9713
-1.11752 1.28959 21.59
-1.08999 0.775411 21.6071
-1.12658 0.419711 21.2859
-1.02531 0.034517 21.6463
-0.852811 0.0331687 24.1838
-0.973404 0.490403 24.8407
-0.923369 0.806278 25.718
-0.969331 1.35479 25.824
0.0145564 1.25802 22.3771
0.128348 1.2529 25.2727
0.119402 1.46185 25.6482
0.163688 0.945646 25.5309
0.150647 0.964662 25.0176
0.117468 1.42541 24.9132
0.00548966 1.41546 22.7223
0.0553156 0.951708 22.6235
0.0253026 0.931479 22.1326
0.00447584 1.38248 22.0059
-0.11895 1.28979 21.6363
-0.147652 0.7756 21.6498
-0.318756 0.419872 21.3486
-0.413108 0.0346393 21.7035
-0.165773 0.033306 24.2312
0.0184092 0.490601 24.8857
-0.0228384 0.806458 25.7692
0.0327452 1.35499 25.8709
-1.26375 1.25792 21.8046
-0.926056 1.25277 24.6862
-0.866271 1.46173 25.0562
-0.926877 0.945513 24.9492
-0.979501 0.964532 24.4365
-0.960318 1.42529 24.3291
-1.21282 1.41536 22.1454
-1.27459 0.951597 22.0554
-1.30657 0.931374 21.5635
-1.3031 1.38238 21.435
-1.23533 1.28971 21.0489
-1.20579 0.775529 21.0606
-1.16829 0.419836 20.7343
-1.02974 0.0346215 21.0775
-0.78224 0.0332387 23.6131
-0.858208 0.490497 24.2841
-0.709293 0.806362 25.152
-0.747915 1.35488 25.2613
-0.0481106 1.25792 21.6578
0.281238 1.25277 24.5404
0.308694 1.46173 24.9141
0.343102 0.945513 24.7964
0.274934 0.964532 24.2851
0.231345 1.42529 24.1852
-0.0180281 1.41536 22.001
0.0211133 0.951597 21.8993
-0.0624348 0.931374 21.4132
-0.0955586 1.38238 21.2891
-0.250257 1.28971 20.9285
-0.276103 0.775529 20.947
-0.37395 0.419836 20.6354
-0.428725 0.0346215 21.0019
-0.106068 0.0332387 23.5293
0.120293 0.490497 24.1645
0.178103 0.806362 25.0428
0.240568 1.35488 25.1404
2.07941 0.438825 21.1178
2.11851 0.757082 24.0011
2.05186 0.602005 24.3953
2.24185 1.06849 24.2291
2.21619 0.998595 23.7176
2.05288 0.557542 23.6631
2.03406 0.327538 21.4771
2.21171 0.745049 21.3322
2.17999 0.720262 20.8396
2.03175 0.282285 20.7614
1.94404 0.362153 20.3754
2.06362 0.861702 20.336
2.12614 1.17593 19.9769
2.15091 1.60819 20.2916
2.18716 1.88387 22.8241
2.21123 1.47605 23.5273
2.10132 1.27936 24.4342
1.99597 0.753478 24.5974
0.905304 0.788876 21.1272
0.952466 1.10473 24.0104
0.917009 0.940474 24.4055
1.01534 1.43384 24.236
1.00463 1.35972 23.7264
0.901938 0.900669 23.6722
0.880084 0.671631 21.4867
0.960334 1.11789 21.3401
0.978368 1.0785 20.8491
0.865454 0.630063 20.7712
0.99245 0.646644 20.39
1.16553 1.13016 20.3494
1.35856 1.40644 19.9978
1.57005 1.78302 20.3109
1.53382 2.07983 22.8397
1.26599 1.7586 23.5414
1.24399 1.53605 24.4508
1.04108 1.03897 24.6122
