-3.51426 -0.373441 5.77604
-3.5647 -0.366554 8.53558
-3.62378 -0.515943 8.89747
-3.4622 -0.0924658 8.79542
-3.4681 -0.100046 8.28792
-3.61366 -0.494547 8.17984
-3.55111 -0.488396 6.1174
-3.39963 -0.111449 6.02683
-3.41549 -0.0825092 5.53514
-3.53784 -0.458346 5.4074
-3.60413 -0.359709 4.94317
-3.49068 0.153993 4.96043
-3.39858 0.436612 4.92394
-3.40068 0.846748 5.27622
-3.48538 0.845832 7.52863
-3.46502 0.365491 8.10846
-3.58407 0.0968309 9.01812
-3.67746 -0.411775 9.11187
-4.69919 -0.0458961 5.8223
-4.74195 -0.0411314 8.58155
-4.7678 -0.199722 8.94511
-4.68777 0.246335 8.83834
-4.69339 0.238665 8.33327
-4.77116 -0.174587 8.22537
-4.71925 -0.165496 6.16336
-4.6573 0.236222 6.07149
-4.63509 0.254625 5.58112
-4.72303 -0.130731 5.4535
-4.58319 -0.0891404 4.99538
-4.41434 0.409253 5.0089
-4.25061 0.672021 4.9802
-4.03211 1.02115 5.32931
-4.17774 1.03712 7.57569
-4.46024 0.640549 8.15628
-4.48901 0.346895 9.0705
-4.67373 -0.136437 9.16273
2.4746 1.27204 6.18767
2.80571 1.26549 8.92921
2.86537 1.42348 9.28796
2.81081 0.972742 9.18727
2.7521 0.984077 8.6848
2.77452 1.40363 8.5755
2.52286 1.39101 6.52575
2.46599 0.987752 6.43879
2.42846 0.966472 5.94905
2.43137 1.36194 5.82211
2.48217 1.28682 5.35015
2.51211 0.761393 5.35964
2.54071 0.464635 5.31817
2.69484 0.0682286 5.65097
2.93684 0.0807846 7.89464
2.84981 0.535468 8.49173
3.00293 0.821747 9.3925
2.96707 1.33637 9.49303
3.69229 1.27231 6.04802
4.01552 1.26576 8.79047
4.04084 1.42374 9.1534
4.07056 0.973023 9.04237
4.01141 0.984357 8.54017
3.964 1.4039 8.43911
3.72328 1.39127 6.38811
3.75869 0.98804 6.29016
3.68187 0.966751 5.80516
3.64933 1.36221 5.68241
3.48747 1.28704 5.23604
3.46056 0.761604 5.25191
3.41491 0.464829 5.21985
3.34202 0.0683721 5.57915
3.64714 0.0809423 7.81487
3.872 0.535695 8.37526
3.93186 0.821954 9.28741
3.99017 1.3366 9.3767
2.45985 1.27135 6.15877
2.66478 1.26474 8.91257
2.70912 1.42271 9.2737
2.65888 0.971982 9.17031
2.62106 0.983329 8.66607
2.64823 1.40288 8.55784
2.49437 1.39031 6.49851
2.44099 0.987064 6.40909
2.42382 0.965792 5.91836
2.43225 1.36126 5.79168
2.50636 1.28613 5.32266
2.53594 0.760695 5.33305
2.57576 0.463931 5.29288
2.716 0.067493 5.63162
2.84065 0.0799983 7.88457
2.72652 0.534699 8.4776
2.84179 0.820947 9.38448
2.80142 1.33558 9.48326
3.68177 1.27137 6.0626
3.87877 1.26475 8.81703
3.88861 1.42272 9.18056
3.92308 0.972002 9.07133
3.88478 0.983349 8.56687
3.84182 1.4029 8.46387
3.69893 1.39033 6.40368
3.73825 0.987085 6.30746
3.6816 0.965812 5.81955
3.65444 1.36128 5.69551
3.51489 1.28614 5.24182
3.48746 0.76071 5.25686
3.45259 0.463946 5.22145
3.36493 0.0675039 5.57756
3.55307 0.0800099 7.8264
3.7521 0.534716 8.39595
3.77365 0.820962 9.30935
3.82787 1.33559 9.40122
2.32885 1.27238 6.1577
2.49171 1.26632 8.914
2.53236 1.42436 9.2758
2.48333 0.973614 9.17129
2.4497 0.984861 8.66704
2.478 1.40439 8.55903
2.36097 1.3914 6.4977
2.30824 0.988145 6.40763
2.29519 0.966774 5.91694
2.30498 1.36222 5.79028
2.38886 1.28699 5.32279
2.41865 0.761561 5.33303
2.47371 0.464789 5.29403
2.61134 0.0684182 5.63381
2.67962 0.0813736 7.88817
2.5566 0.536193 8.48013
2.6636 0.822622 9.38878
2.62168 1.33727 9.48684
3.55137 1.27238 6.06064
3.70631 1.26632 8.81757
3.71242 1.42436 9.18092
3.74819 0.973614 9.07283
3.71406 0.984861 8.56764
3.67219 1.40439 8.46409
3.56613 1.3914 6.40188
3.60617 0.988145 6.30635
3.55361 0.966774 5.81768
3.52777 1.36222 5.69326
3.39778 1.28699 5.23711
3.37054 0.761561 5.25251
3.3508 0.464789 5.21522
3.26037 0.0684182 5.57094
3.39223 0.0813736 7.8236
3.58261 0.536193 8.39509
3.59579 0.822622 9.30796
3.64854 1.33727 9.40054
0.0943085 -0.249879 -6.5834
-0.9277 0.182569 -9.11207
-1.05122 0.0831695 -9.47549
-1.03937 0.510367 -9.29209
-0.850464 0.421207 -8.8312
-0.789139 -0.00818336 -8.81276
-0.0283483 -0.314434 -6.91741
-0.0263069 0.0678019 -6.75218
0.175919 0.0138588 -6.30731
0.229184 -0.395404 -6.26056
0.501592 -0.388891 -5.8647
0.536705 0.132923 -5.80524
0.58874 0.421253 -5.73648
0.574653 0.870386 -6.03604
-0.28692 1.20512 -8.0948
-0.660782 0.840549 -8.64079
-0.965226 0.700154 -9.53764
-1.05795 0.205092 -9.68778
1.22948 -0.206782 -7.04364
0.200117 0.225387 -9.56933
0.0444646 0.124815 -9.92002
0.135219 0.554882 -9.76782
0.323618 0.465741 -9.30696
0.319717 0.0339198 -9.26237
1.0907 -0.271943 -7.37115
1.17899 0.11349 -7.24041
1.34446 0.0581966 -6.78092
1.36461 -0.3523 -6.72089
1.43814 -0.353113 -6.24582
1.42033 0.166667 -6.16475
1.40268 0.452521 -6.0688
1.17672 0.893697 -6.28301
0.374361 1.23054 -8.36493
0.29174 0.876855 -9.02788
-0.0999997 0.733275 -9.89016
-0.104712 0.241472 -10.0755
-2.01821 1.01228 -6.15878
-2.25122 0.982592 -8.90987
-2.32416 1.133 -9.26986
-2.20703 0.69426 -9.1684
-2.16193 0.710303 -8.66519
-2.24834 1.12119 -8.55484
-2.07649 1.12532 -6.49735
-1.963 0.734104 -6.41026
-1.93386 0.714872 -5.92019
-1.99794 1.10464 -5.79177
-2.05766 1.01792 -5.32256
-2.01064 0.493777 -5.33403
-2.02138 0.192043 -5.29478
-2.10867 -0.220189 -5.63234
-2.23664 -0.217108 -7.88407
-2.19709 0.250832 -8.4773
-2.36902 0.518546 -9.38172
-2.40535 1.0338 -9.47883
-3.22457 0.833597 -6.02889
-3.44976 0.805071 -8.78081
-3.48858 0.960526 -9.14325
-3.45522 0.509392 -9.03605
-3.40961 0.525508 -8.53188
-3.42673 0.946651 -8.42782
-3.26571 0.949183 -6.36916
-3.24383 0.544402 -6.27419
-3.17566 0.530946 -5.78715
-3.20457 0.925918 -5.66192
-3.0531 0.87046 -5.20959
-2.94982 0.354652 -5.22778
-2.88663 0.0638506 -5.19211
-2.74881 -0.31505 -5.55165
-2.93962 -0.321261 -7.80009
-3.20944 0.100873 -8.36458
-3.28869 0.382301 -9.27564
-3.4185 0.883719 -9.36479
1.8399 1.27129 6.28309
1.72556 1.26466 9.04061
1.72075 1.42263 9.40363
1.68436 0.971894 9.29707
1.7187 0.983248 8.7907
1.76006 1.40281 8.68696
1.82402 1.39025 6.62473
1.78429 0.986997 6.52963
1.83699 0.965735 6.04007
1.86218 1.36121 5.91554
1.97964 1.2861 5.45715
2.00639 0.760668 5.47356
1.99364 0.463902 5.43488
2.08367 0.0674779 5.79139
2.03297 0.0799732 8.04456
1.85071 0.534642 8.61663
1.83868 0.820886 9.52859
1.78733 1.33551 9.62195
3.06442 1.27151 6.40486
2.94213 1.26487 9.16161
2.90281 1.42284 9.52428
2.95115 0.972123 9.41795
2.98506 0.983477 8.91406
2.95621 1.40302 8.80627
3.03115 1.39046 6.74515
3.08422 0.987232 6.65432
3.09742 0.965962 6.16373
3.08696 1.36143 6.03718
2.99059 1.28628 5.57219
2.96016 0.760837 5.58128
2.87277 0.464055 5.54617
2.73452 0.067589 5.88561
2.74728 0.0800976 8.13637
2.87864 0.534825 8.72817
2.77284 0.821051 9.63919
2.81618 1.33569 9.73669
1.63012 1.2725 6.68257
1.74558 1.26647 9.44159
1.7763 1.42451 9.80385
1.72993 0.97376 9.69945
1.71203 0.985003 9.19373
1.74313 1.40454 9.08649
1.65074 1.39153 7.02344
1.60111 0.988265 6.93234
1.60327 0.966895 6.44108
1.61633 1.36234 6.3147
1.70295 1.28713 5.84811
1.73192 0.761707 5.86027
1.75827 0.46494 5.82116
1.88492 0.068595 6.16551
1.95862 0.0815652 8.42102
1.82507 0.536358 9.00904
1.90513 0.822803 9.91892
1.86154 1.33745 10.0162
2.85538 1.27275 6.64587
2.9629 1.26671 9.40514
2.95908 1.42475 9.769
2.99751 0.974014 9.66054
2.97917 0.985256 9.15531
2.94 1.40478 9.05071
2.85861 1.39178 6.98734
2.90185 0.988525 6.89254
2.86447 0.967147 6.403
2.84186 1.36259 6.27797
2.71448 1.28733 5.8205
2.68625 0.761898 5.83407
2.63789 0.465116 5.79924
2.53611 0.0687252 6.15147
2.67332 0.0817081 8.40346
2.85361 0.536564 8.97997
2.83983 0.82299 9.89421
2.89099 1.33765 9.9877
1.4773 1.27208 7.02772
1.70855 1.26602 9.77943
1.75407 1.42406 10.1401
1.70336 0.973314 10.0378
1.66502 0.984561 9.53315
1.6918 1.40409 9.42471
1.51162 1.3911 7.36751
1.45829 0.987845 7.27855
1.44057 0.966474 6.78754
1.44852 1.36192 6.66073
1.51486 1.28669 6.1909
1.54413 0.761261 6.202
1.56543 0.464489 6.16196
1.70579 0.0681182 6.50097
1.87912 0.0810736 8.75099
1.77044 0.535893 9.3439
1.88743 0.822322 10.2496
1.84808 1.33697 10.3487
2.70039 1.27208 6.94401
2.92371 1.26602 9.69626
2.93479 1.42406 10.06
2.96862 0.973314 9.94995
2.92988 0.984561 9.44594
2.88655 1.40409 9.34303
2.71735 1.3911 7.28508
2.75666 0.987845 7.18855
2.69951 0.966474 6.70096
2.67187 1.36192 6.57696
2.5248 1.28669 6.1254
2.49696 0.761261 6.14
2.44384 0.464489 6.1078
2.35625 0.0681182 6.46382
2.59286 0.0810736 8.70733
2.79729 0.535893 9.27595
2.82073 0.822322 10.1902
2.87589 1.33697 10.2814
-3.35469 -0.00191652 6.73606
-3.78281 0.0716798 9.46291
-3.92903 -0.0498694 9.81056
-3.65559 0.318896 9.73737
-3.58746 0.299695 9.23581
-3.80772 -0.0499351 9.10267
-3.46979 -0.0950229 7.06611
-3.21863 0.231038 7.00332
-3.15347 0.250107 6.51602
-3.34408 -0.0875415 6.36708
-3.32387 0.0175913 5.89899
-3.09225 0.488647 5.93794
-2.95368 0.753255 5.91434
-2.90803 1.16076 6.26607
-3.26528 1.20452 8.49365
-3.44368 0.745465 9.06545
-3.75847 0.537284 9.94463
-3.98518 0.0687067 10.0171
-4.41074 0.60358 6.58586
-4.83202 0.673252 9.31368
-4.94867 0.534664 9.66688
-4.74778 0.945249 9.57981
-4.67943 0.925859 9.07937
-4.83933 0.541535 8.9561
-4.51088 0.501884 6.91819
-4.33943 0.873784 6.84191
-4.24038 0.873346 6.36069
-4.40035 0.518085 6.21677
-4.19668 0.517621 5.78115
-3.91565 0.960393 5.82642
-3.71342 1.1882 5.81664
-3.47127 1.48287 6.19877
-3.88268 1.55794 8.41485
-4.3308 1.25384 8.94332
-4.56527 0.999378 9.83756
-4.8733 0.577573 9.89619
1.20494 1.2707 7.69829
1.561 1.26404 10.4367
1.6235 1.42203 10.7949
1.56863 0.971245 10.6947
1.50576 0.982604 10.1927
1.52675 1.40221 10.0833
1.25579 1.38966 8.03599
1.1987 0.986353 7.94945
1.15716 0.965119 7.46
1.15851 1.36062 7.33312
1.20478 1.28564 6.86071
1.2354 0.760249 6.86991
1.26213 0.463531 6.82826
1.41946 0.0672476 7.15973
1.68459 0.0796806 9.40081
1.60243 0.534148 9.99865
1.76269 0.820442 10.8981
1.72713 1.335 10.999
2.42165 1.27245 7.54998
2.76982 1.26578 10.2894
2.79804 1.42372 10.6521
2.82732 0.973063 10.5407
2.76404 0.984421 10.039
2.71526 1.40392 9.93845
2.45523 1.39139 7.88983
2.49033 0.988218 7.79148
2.40954 0.966928 7.30715
2.37548 1.36237 7.18477
2.20934 1.28709 6.73996
2.18314 0.761617 6.7559
2.13576 0.464792 6.72457
2.06628 0.0681802 7.08435
2.39443 0.0807046 9.31673
2.62384 0.535622 9.87524
2.69097 0.821782 10.787
2.74948 1.33648 10.8759
1.1429 1.27208 8.02099
1.38485 1.26602 10.7678
1.44266 1.42406 11.1285
1.38933 0.973314 11.0238
1.32808 0.984561 10.5225
1.35134 1.40409 10.4133
1.19523 1.3911 8.35932
1.13724 0.987845 8.27103
1.09752 0.966474 7.78173
1.10148 1.36192 7.65471
1.18153 1.28669 7.18706
1.21307 0.761261 7.19387
1.32144 0.464489 7.15759
1.47843 0.0681182 7.48914
1.52958 0.0810736 9.73409
1.42417 0.535893 10.3319
1.57797 0.822322 11.2379
1.53874 1.33697 11.337
2.36151 1.27208 7.81585
2.59556 1.26602 10.564
2.61895 1.42406 10.9261
2.65013 0.973314 10.8189
2.5884 0.984561 10.314
2.54171 1.40409 10.2124
2.39654 1.3911 8.15655
2.43102 0.987845 8.05984
2.35191 0.966474 7.57299
2.32036 1.36192 7.44976
2.18726 1.28669 6.99685
2.16195 0.761261 7.01559
2.19578 0.464489 6.97604
2.12545 0.0681182 7.33772
2.23996 0.0810736 9.58458
2.44692 0.535893 10.1463
2.50722 0.822322 11.056
2.56234 1.33697 11.1468
0.896897 1.38365 8.3087
1.15634 1.37704 11.0579
1.20728 1.53501 11.4181
1.15513 1.08429 11.3159
1.10836 1.09563 10.8123
1.13353 1.51518 10.7036
0.937309 1.50261 8.64779
0.882389 1.09937 8.55941
0.856492 1.0781 8.06901
0.862591 1.47356 7.94218
0.926601 1.39843 7.47175
0.956289 0.872999 7.48176
0.990963 0.576236 7.4409
1.13714 0.179798 7.77716
1.31291 0.192304 10.0269
1.21049 0.647004 10.6218
1.34204 0.933252 11.5262
1.30365 1.44788 11.6258
2.11718 1.38368 8.19413
2.36871 1.37706 10.9441
2.38522 1.53503 11.3075
2.41761 1.08431 11.1974
2.37037 1.09566 10.6938
2.32553 1.51521 10.5916
2.14027 1.50263 8.53484
2.17789 1.09939 8.43786
2.11258 1.07812 7.9511
2.08314 1.47359 7.82759
1.93386 1.39845 7.37693
1.9066 0.873017 7.39231
1.86674 0.576252 7.35826
1.78536 0.17981 7.7158
2.02448 0.192317 9.95971
2.23474 0.647024 10.5255
2.27274 0.93327 11.4385
2.32879 1.4479 11.5293
0.984781 1.32286 8.4304
0.876276 1.3168 11.1856
0.868507 1.47484 11.5483
0.832693 1.0241 11.4429
0.873055 1.03534 10.9356
0.915312 1.45487 10.8319
0.963942 1.44189 8.77247
0.925462 1.03863 8.67739
0.983937 1.01726 8.18732
1.01012 1.4127 8.06281
1.12109 1.33747 7.60441
1.14707 0.812042 7.62234
1.10421 0.51527 7.5848
1.18971 0.118899 7.94347
1.18861 0.131855 10.1916
1.00741 0.586674 10.7616
0.985868 0.873103 11.6729
0.93498 1.38775 11.7662
2.21233 1.32286 8.5894
2.09587 1.3168 11.3436
2.05368 1.47484 11.7067
2.10233 1.0241 11.5994
2.1424 1.03534 11.0959
2.11444 1.45487 10.9878
2.17409 1.44189 8.9298
2.22835 1.03863 8.83895
2.24739 1.01726 8.34832
2.23793 1.4127 8.22158
2.1354 1.33747 7.75853
2.10398 0.812042 7.76646
1.98694 0.51527 7.73652
1.84392 0.118899 8.07444
1.90592 0.131855 10.3171
2.03844 0.586674 10.9098
1.92339 0.873103 11.8221
1.96712 1.38775 11.9193
-0.377472 -1.25538 8.84269
-0.321485 -1.22801 11.6034
-0.315829 -1.38398 11.9678
-0.315034 -0.932127 11.8581
-0.32785 -0.947538 11.3523
-0.329343 -1.36938 11.2497
-0.366414 -1.37186 9.18489
-0.357481 -0.966884 9.08846
-0.392153 -0.951357 8.59818
-0.378969 -1.34788 8.47523
-0.500416 -1.28563 8.01455
-0.573679 -0.764506 8.02541
-0.627089 -0.471477 7.98623
-0.765634 -0.0835353 8.33554
-0.698888 -0.0773233 10.5913
-0.490419 -0.512336 11.1724
-0.488577 -0.794234 12.0872
-0.394883 -1.30213 12.1846
-1.59806 -1.36086 8.8841
-1.53417 -1.3328 11.6446
-1.49406 -1.4858 12.0084
-1.57784 -1.04126 11.8999
-1.59019 -1.05663 11.3946
-1.52165 -1.47242 11.2902
-1.56968 -1.47584 9.22579
-1.65332 -1.07887 9.1315
-1.64857 -1.05993 8.64046
-1.59983 -1.45338 8.51661
-1.50792 -1.37268 8.05163
-1.52423 -0.846633 8.06023
-1.50308 -0.547148 8.02072
-1.414 -0.139529 8.36344
-1.41063 -0.138805 10.6196
-1.51493 -0.600859 11.209
-1.4195 -0.87466 12.1223
-1.42027 -1.39072 12.2219
0.721432 1.2711 9.13782
0.866647 1.26452 11.895
0.905354 1.42249 12.2571
0.856996 0.97176 12.1521
0.825817 0.983101 11.6477
0.854613 1.40266 11.54
0.751976 1.39006 9.47802
0.699737 0.986811 9.38754
0.689094 0.965537 8.89682
0.699485 1.36101 8.77029
0.786944 1.28589 8.30342
0.816858 0.760465 8.31359
0.875465 0.463712 8.27508
1.01156 0.0673009 8.61542
1.06055 0.0798162 10.87
0.933682 0.534493 11.4614
1.03604 0.82076 12.3708
0.993382 1.33538 12.4687
1.94448 1.27136 9.04426
2.08177 1.26478 11.802
2.08593 1.42275 12.1654
2.12239 0.972032 12.0576
2.09072 0.983373 11.5521
2.04931 1.40291 11.4484
1.95766 1.39032 9.38562
1.99822 0.98709 9.29026
1.94805 0.965807 8.80126
1.9228 1.36127 8.67678
1.79634 1.28611 8.21972
1.76919 0.760671 8.23499
1.75298 0.463903 8.19729
1.66094 0.0674431 8.55255
1.77352 0.0799713 10.8061
1.96016 0.534714 11.3787
1.96867 0.820962 12.2916
2.02071 1.33561 12.3846
0.633674 1.27069 9.47653
0.76539 1.26407 12.2339
0.803766 1.42204 12.5963
0.755557 0.971319 12.4907
0.724117 0.982666 11.9865
0.753128 1.40222 11.8788
0.664749 1.38964 9.81678
0.612309 0.986401 9.72609
0.60145 0.965129 9.23544
0.612088 1.3606 9.10892
0.703827 1.28546 8.64287
0.733894 0.760032 8.65266
0.803936 0.463267 8.61533
0.940306 0.0668288 8.95551
0.961265 0.079334 11.2091
0.831695 0.534035 11.8005
0.933971 0.820282 12.7107
0.890902 1.33491 12.8084
1.85718 1.27071 9.3738
1.98097 1.26409 12.1318
1.9848 1.42206 12.4951
2.0214 0.971339 12.3878
1.98949 0.982686 11.882
1.94828 1.40224 11.7782
1.87089 1.38966 9.71526
1.91126 0.986423 9.62008
1.86088 0.96515 9.13081
1.83587 1.36062 9.00627
1.71368 1.28548 8.54842
1.68665 0.760049 8.56408
1.68191 0.463285 8.52573
1.59008 0.0668437 8.8813
1.67461 0.0793487 11.1354
1.85861 0.534054 11.7081
1.86704 0.8203 12.6206
1.91868 1.33493 12.7138
0.548498 1.27238 9.78774
0.654415 1.26632 12.547
0.686437 1.42436 12.9095
0.639802 0.973614 12.8043
0.618813 0.984861 12.2992
0.649662 1.40439 12.1919
0.571827 1.3914 10.1284
0.521422 0.988145 10.0372
0.520639 0.966774 9.54629
0.533408 1.36222 9.41989
0.625269 1.28699 8.95398
0.654597 0.761561 8.96527
0.701232 0.464789 8.92685
0.830172 0.0684182 9.27009
0.865743 0.0813736 11.5259
0.730445 0.536193 12.1147
0.81514 0.822622 13.0252
0.771239 1.33727 13.1223
1.77291 1.27238 9.72829
1.87089 1.26632 12.488
1.86834 1.42436 12.8515
1.90657 0.973614 12.7439
1.88511 0.984861 12.2383
1.84569 1.40439 12.1338
1.77885 1.3914 10.0697
1.82132 0.988145 9.97507
1.78099 0.966774 9.48544
1.75809 1.36222 9.36046
1.63588 1.28699 8.90193
1.60808 0.761561 8.91633
1.57989 0.464789 8.87929
1.48047 0.0684182 9.23245
1.57965 0.0813736 11.487
1.75813 0.536193 12.0629
1.74893 0.822622 12.9762
1.7998 1.33727 13.0698
-4.19821 1.13728 9.1903
-5.42266 1.09454 11.6644
-5.57304 1.24771 11.9973
-5.5619 0.798529 11.8785
-5.32886 0.816479 11.4286
-5.25064 1.23726 11.3557
-4.34875 1.25175 9.49879
-4.34608 0.849899 9.39016
-4.10271 0.834969 8.96246
-4.03087 1.23199 8.86373
-3.73439 1.16261 8.49295
-3.71434 0.636955 8.51133
-3.69391 0.340714 8.47412
-3.75194 -0.0606075 8.83134
-4.73703 -0.0776708 10.8605
-5.13759 0.36987 11.3164
-5.51394 0.644061 12.1517
-5.60038 1.15754 12.2229
-3.11996 1.13297 9.77766
-4.35141 1.09026 12.2479
-4.53306 1.24352 12.5661
-4.44496 0.794118 12.483
-4.21302 0.812047 12.0345
-4.19748 1.23305 11.9297
-3.28592 1.2475 10.078
-3.2001 0.845367 10.0109
-2.99235 0.83055 9.56603
-2.95234 1.22768 9.45112
-2.84836 1.15893 8.98666
-2.87818 0.633485 8.97663
-2.92663 0.337408 8.91028
-3.18729 -0.0631611 9.16143
-4.114 -0.0803696 11.2157
-4.23512 0.366171 11.8151
-4.69644 0.640616 12.6105
-4.69798 1.15381 12.724
-0.561362 1.2673 -10.4276
-0.542592 1.27238 -13.1883
-0.573466 1.42971 -13.5516
-0.494805 0.983494 -13.4453
-0.492687 0.993184 -12.94
-0.561491 1.40813 -12.8326
-0.582742 1.38617 -10.7686
-0.503015 0.987733 -10.6767
-0.517962 0.963365 -10.1863
-0.567568 1.35564 -10.0591
-0.67734 1.26964 -9.59884
-0.664082 0.743604 -9.61236
-0.7079 0.44218 -9.57946
-0.792395 0.0388593 -9.92827
-0.698083 0.0673844 -12.1804
-0.573889 0.535821 -12.7619
-0.648078 0.82036 -13.6751
-0.641596 1.33756 -13.7684
-1.7843 1.16788 -10.3971
-1.7576 1.17361 -13.158
-1.75404 1.33373 -13.5203
-1.7599 0.880662 -13.4167
-1.75738 0.890379 -12.91
-1.75609 1.31102 -12.8026
-1.78832 1.28816 -10.7383
-1.80122 0.882208 -10.647
-1.77674 0.861039 -10.1559
-1.79077 1.2562 -10.0287
-1.68715 1.18752 -9.56513
-1.61678 0.66613 -9.58104
-1.58619 0.370733 -9.54353
-1.44276 -0.0140712 -9.89471
-1.41172 0.00932807 -12.1504
-1.6006 0.452338 -12.7309
-1.58125 0.744464 -13.6414
-1.66927 1.25399 -13.7355
0.192745 1.27006 10.8111
0.425804 1.26349 13.5627
0.473701 1.42147 13.9233
0.422524 0.970739 13.8205
0.379737 0.982077 13.3166
0.40574 1.40163 13.2081
0.230556 1.38902 11.1505
0.176389 0.985771 11.0616
0.154388 0.964494 10.5711
0.161483 1.35996 10.4443
0.23066 1.28484 9.97455
0.260437 0.759419 9.98467
0.299115 0.462663 9.9441
0.442755 0.0662534 10.2815
0.5916 0.078789 12.533
0.483433 0.533468 13.1271
0.607601 0.819741 14.0327
0.568147 1.33436 14.1319
1.41369 1.27032 10.7035
1.63884 1.26376 13.4558
1.65226 1.42173 13.8192
1.68572 0.971013 13.7096
1.64246 0.982351 13.2056
1.59839 1.40189 13.103
1.43417 1.38929 11.0444
1.47262 0.986053 10.9478
1.41118 0.964767 10.4605
1.3827 1.36023 10.3367
1.2384 1.28506 9.8845
1.2112 0.759626 9.89978
1.17525 0.462854 9.86484
1.09118 0.0663949 10.2218
1.30346 0.078944 12.4685
1.5082 0.533691 13.036
1.53872 0.819944 13.9492
1.59378 1.33459 14.0405
0.138106 1.27221 11.1096
0.327927 1.26618 13.8642
0.366326 1.42423 14.2255
0.317641 0.973478 14.1229
0.290022 0.984719 13.6171
0.318803 1.40425 13.5092
0.164767 1.39124 11.4502
0.113531 0.987968 11.3604
0.106216 0.966596 10.8688
0.116519 1.36204 10.7421
0.187528 1.28683 10.2733
0.216446 0.761404 10.2855
0.225192 0.464634 10.2464
0.358255 0.06829 10.5886
0.517485 0.0812773 12.8392
0.399633 0.536073 13.4296
0.49787 0.822522 14.337
0.456985 1.33716 14.4354
1.36407 1.27245 11.0619
1.54595 1.26643 13.8168
1.5499 1.42447 14.181
1.58575 0.973732 14.0709
1.55779 0.984972 13.5664
1.51637 1.40449 13.4627
1.37335 1.39148 11.4033
1.41484 0.988228 11.3074
1.36807 0.966848 10.8188
1.34274 1.36229 10.6943
1.20019 1.28703 10.2412
1.17182 0.761595 10.2548
1.10623 0.46481 10.2241
1.01095 0.0684204 10.5781
1.2334 0.0814204 12.8218
1.42912 0.536279 13.3942
1.43378 0.822709 14.3095
1.48751 1.33737 14.4015
0.107635 1.27208 11.439
0.205208 1.26602 14.1986
0.236179 1.42406 14.5612
0.189853 0.973314 14.4559
0.170304 0.984561 13.9507
0.201465 1.40409 13.8435
0.130004 1.3911 11.7798
0.0798565 0.987845 11.6884
0.0804735 0.966474 11.1975
0.0936104 1.36192 11.0711
0.186945 1.28669 10.6055
0.216249 0.761261 10.6169
0.263365 0.464489 10.5786
0.391333 0.0681182 10.9222
0.419532 0.0810736 13.1781
0.282458 0.535893 13.7665
0.364538 0.822322 14.6772
0.320342 1.33697 14.7743
1.33221 1.27208 11.3828
1.42185 1.26602 14.1428
1.41825 1.42406 14.5063
1.45679 0.973314 14.3988
1.43677 0.984561 13.8931
1.39766 1.40409 13.7885
1.33719 1.3911 11.7243
1.37993 0.987845 11.6297
1.34099 0.966474 11.14
1.31846 1.36192 11.0149
1.1977 1.28669 10.556
1.16986 0.761261 10.5703
1.14215 0.464489 10.5332
1.04174 0.0681182 10.8861
1.13354 0.0810736 13.1409
1.31029 0.535893 13.7173
1.29846 0.822322 14.6306
1.34905 1.33697 14.7244
-3.41811 -0.599593 11.2871
-4.01425 -0.970952 13.9576
-4.16402 -0.877154 14.3124
-3.93822 -1.2677 14.1998
-3.8305 -1.18867 13.7115
-3.99888 -0.799662 13.6176
-3.5505 -0.540968 11.6185
-3.35553 -0.894724 11.5175
-3.21804 -0.835596 11.0489
-3.38357 -0.473193 10.9315
-3.1572 -0.422303 10.5109
-2.86045 -0.856528 10.532
-2.67761 -1.09243 10.5012
-2.45358 -1.41927 10.8683
-2.96033 -1.7138 13.0476
-3.4558 -1.48466 13.5691
-3.77176 -1.34178 14.4611
-4.10238 -0.941013 14.5405
-2.41505 0.0218411 11.6201
-3.0177 -0.353547 14.2885
-3.19596 -0.277396 14.6348
-2.90018 -0.624591 14.543
-2.79299 -0.545889 14.0552
-3.01909 -0.192642 13.9431
-2.56171 0.0716309 11.9469
-2.29037 -0.234818 11.8697
-2.18545 -0.195864 11.3913
-2.38028 0.148384 11.2646
-2.3301 0.0901298 10.7899
-2.08007 -0.373038 10.7951
-1.95913 -0.647287 10.747
-1.92249 -1.09022 11.0536
-2.37664 -1.35218 13.2477
-2.61442 -0.963382 13.8513
-3.00778 -0.868448 14.7202
-3.26046 -0.419402 14.8239
-0.0184462 1.26725 12.069
0.00974249 1.26012 14.8303
0.0309811 1.41805 15.1935
-0.0119747 0.967291 15.087
-0.0180863 0.97873 14.5814
0.0152821 1.39835 14.4752
-0.00541237 1.38616 12.4103
-0.0525285 0.982867 12.3176
-0.0388253 0.961711 11.8268
-0.022944 1.35723 11.7009
0.0816131 1.28233 11.2377
0.111269 0.756937 11.2497
0.156636 0.460243 11.2123
0.275923 0.0639001 11.5591
0.252067 0.0759238 13.8152
0.0995895 0.530298 14.4
0.157166 0.816444 15.3125
0.109838 1.33099 15.4086
1.20713 1.26897 12.0478
1.22737 1.26183 14.8091
1.21403 1.41971 15.1725
1.25597 0.969068 15.0657
1.2494 0.980507 14.5598
1.21245 1.40003 14.4544
1.20276 1.38785 12.3893
1.24858 0.984691 12.2957
1.22271 0.96348 11.8051
1.2029 1.35895 11.6797
1.09326 1.28375 11.2179
1.06572 0.758276 11.2312
1.03625 0.461478 11.1934
0.926996 0.0648148 11.5433
0.966756 0.0769272 13.7996
1.1283 0.531741 14.3807
1.09193 0.817756 15.2936
1.13944 1.33244 15.3888
-0.0997115 1.27208 12.4094
-0.0437181 1.26602 15.1696
-0.0158584 1.42406 15.5328
-0.0610505 0.973314 15.4261
-0.0775502 0.984561 14.9212
-0.0454356 1.40409 14.8142
-0.0788507 1.3911 12.7504
-0.12856 0.987845 12.6583
-0.124909 0.966474 12.1675
-0.110622 1.36192 12.0413
-0.00692325 1.28669 11.5778
0.0227307 0.761261 11.5887
0.0892788 0.464489 11.5529
0.215446 0.0681182 11.897
0.181308 0.0810736 14.1511
0.0355286 0.535893 14.7384
0.111076 0.822322 15.6508
0.0653609 1.33697 15.7472
1.12595 1.27208 12.3463
1.174 1.26602 15.1069
1.16729 1.42406 15.4701
1.20695 0.973314 15.3638
1.19001 0.984561 14.8574
1.15182 1.40409 14.7524
1.12941 1.3911 12.6879
1.17261 0.987845 12.594
1.13671 0.966474 12.1036
1.11531 1.36192 11.9783
1.0049 1.28669 11.5173
0.977346 0.761261 11.5321
0.969132 0.464489 11.4938
0.86678 0.0681182 11.8465
0.8962 0.0810736 14.1023
1.06438 0.535893 14.68
1.04604 0.822322 15.5925
1.09512 1.33697 15.687
-0.275603 1.24938 12.7134
-0.150215 1.24276 15.4719
-0.118283 1.40073 15.8341
-0.16509 0.950009 15.7298
-0.184587 0.961356 15.2241
-0.153753 1.38091 15.1169
-0.253913 1.36833 13.0542
-0.303901 0.965092 12.9632
-0.303295 0.94382 12.4719
-0.290575 1.33929 12.3456
-0.205812 1.26415 11.8786
-0.17693 0.738723 11.8906
-0.151723 0.441959 11.8514
-0.0240709 0.0455192 12.1953
0.059143 0.0580239 14.4504
-0.0722103 0.512726 15.039
0.0108216 0.798973 15.9486
-0.0323135 1.3136 16.0462
0.949595 1.24938 12.6735
1.06704 1.24277 15.4324
1.06444 1.40074 15.7963
1.10241 0.950017 15.6876
1.08248 0.961364 15.1824
1.04306 1.38091 15.078
0.953898 1.36834 13.015
0.996763 0.965101 12.92
0.95784 0.943828 12.4305
0.934892 1.3393 12.3057
0.805692 1.26416 11.8487
0.777376 0.738728 11.8622
0.727894 0.441963 11.8276
0.627136 0.0455223 12.1801
0.773849 0.0580277 14.4314
0.956291 0.512732 15.0074
0.945502 0.798978 15.9218
0.997112 1.31361 16.0152
-0.175548 1.32486 12.8611
-0.179589 1.3188 15.6225
-0.164337 1.47684 15.9858
-0.206278 1.02609 15.8794
-0.202679 1.03734 15.3734
-0.166939 1.45687 15.2676
-0.169354 1.44388 13.2025
-0.215157 1.04062 13.1093
-0.192126 1.01925 12.6186
-0.173599 1.4147 12.4929
-0.0665762 1.33947 12.0306
-0.0382235 0.814041 12.0439
-0.00859489 0.517269 12.006
0.103261 0.120898 12.3554
0.0767653 0.133854 14.612
-0.0820027 0.588673 15.1938
-0.0406938 0.875102 16.1063
-0.0883599 1.38975 16.2017
1.05013 1.32486 12.8752
1.03814 1.3188 15.6366
1.01881 1.47684 15.9999
1.06177 1.02609 15.8932
1.06491 1.03734 15.3877
1.03033 1.45687 15.2815
1.03892 1.44388 13.2165
1.08606 1.04062 13.1236
1.06952 1.01925 12.6329
1.05235 1.4147 12.507
0.945173 1.33947 12.0445
0.916322 0.814041 12.0569
0.871119 0.517269 12.0198
0.754417 0.120898 12.3674
0.791534 0.133854 14.6234
0.946804 0.588673 15.2071
0.894167 0.875102 16.1198
0.941339 1.38975 16.2154
0.431103 -1.30183 13.1812
0.295229 -1.21977 15.937
0.210034 -1.35441 16.3009
0.389867 -0.939545 16.1904
0.419219 -0.966556 15.6868
0.267992 -1.3602 15.5836
0.364382 -1.40162 13.5225
0.534201 -1.03318 13.4276
0.553458 -1.02276 12.9369
0.426994 -1.39909 12.8148
0.363251 -1.30631 12.3473
0.489792 -0.795377 12.3507
0.508811 -0.49108 12.3096
0.493923 -0.0674343 12.6439
0.463371 -0.0440216 14.897
0.450108 -0.50876 15.4947
0.26305 -0.739569 16.4073
0.151606 -1.24258 16.5112
-0.737266 -0.941582 13.0658
-0.865569 -0.861852 15.8223
-0.917767 -1.00669 16.1873
-0.818942 -0.566779 16.0746
-0.789129 -0.593954 15.5692
-0.8733 -1.0083 15.4706
-0.787399 -1.04648 13.4084
-0.706222 -0.650669 13.3083
-0.649211 -0.651917 12.8192
-0.741634 -1.03875 12.6995
-0.601059 -1.0091 12.2418
-0.420004 -0.514963 12.2517
-0.32955 -0.232788 12.2099
-0.126512 0.123615 12.5618
-0.217787 0.165826 14.8151
-0.53051 -0.206478 15.3913
-0.627936 -0.464997 16.3068
-0.829833 -0.940075 16.4055
-0.480172 1.27002 13.3551
-0.361503 1.26343 16.1139
-0.33153 1.42141 16.4761
-0.377759 0.970672 16.3719
-0.39404 0.982016 15.8659
-0.362736 1.40157 15.7588
-0.460927 1.38898 13.6961
-0.510193 0.985728 13.605
-0.506478 0.964456 13.1135
-0.493197 1.35993 12.9872
-0.408793 1.28481 12.5204
-0.380034 0.759384 12.5329
-0.36302 0.462623 12.4938
-0.237577 0.0662087 12.8386
-0.147354 0.0787322 15.0934
-0.28032 0.533408 15.6811
-0.202755 0.81967 16.5908
-0.246196 1.33429 16.6883
0.745853 1.27027 13.3294
0.856577 1.26368 16.0883
0.852022 1.42165 16.4523
0.890542 0.970931 16.3434
0.873856 0.982274 15.8383
0.834886 1.40182 15.7337
0.747702 1.38923 13.6709
0.791297 0.985993 13.576
0.755488 0.964714 13.0864
0.733094 1.36018 12.9614
0.603555 1.28502 12.5045
0.57506 0.759577 12.5175
0.517456 0.462801 12.484
0.414397 0.0663394 12.8357
0.568066 0.0788765 15.0859
0.748979 0.533617 15.6628
0.732752 0.81986 16.5776
0.784062 1.3345 16.6712
-0.643138 1.26984 13.6879
-0.342714 1.26323 16.4303
-0.279092 1.4212 16.7897
-0.334298 0.97048 16.6865
-0.402585 0.981826 16.1861
-0.381125 1.40138 16.0767
-0.586484 1.3888 14.0252
-0.645609 0.98556 13.938
-0.69228 0.964287 13.4494
-0.690423 1.35976 13.3225
-0.622981 1.28462 12.8525
-0.591719 0.759191 12.8593
-0.499104 0.462427 12.8191
-0.337752 0.065991 13.1483
-0.216275 0.0784977 15.3942
-0.309081 0.533198 15.9936
-0.141704 0.819446 16.896
-0.17878 1.33408 16.9961
0.570766 1.26989 13.4769
0.86332 1.26327 16.2207
0.892529 1.42125 16.5825
0.921842 0.970523 16.4741
0.852966 0.981869 15.9709
0.804629 1.40142 15.8702
0.610168 1.38884 13.8168
0.643355 0.985603 13.7193
0.557334 0.96433 13.2342
0.523756 1.3598 13.1117
0.37828 1.28466 12.6617
0.352974 0.759227 12.6802
0.370895 0.462463 12.6403
0.305585 0.0660202 13.0024
0.490527 0.078527 15.2474
0.70935 0.533235 15.8059
0.783239 0.819482 16.7148
0.840369 1.33412 16.8046
-0.710162 1.27238 13.4803
-0.419999 1.26632 16.2212
-0.354517 1.42436 16.5809
-0.409918 0.973614 16.4768
-0.48259 0.984861 15.977
-0.461637 1.40439 15.8673
-0.649809 1.3914 13.8176
-0.70987 0.988145 13.7303
-0.760697 0.966774 13.2419
-0.759402 1.36222 13.1148
-0.68569 1.28699 12.6464
-0.653724 0.761561 12.6522
-0.535213 0.464789 12.6154
-0.370486 0.0684182 12.9434
-0.296162 0.0813736 15.1846
-0.39095 0.536193 15.7846
-0.21715 0.822622 16.6879
-0.254656 1.33727 16.7877
0.505062 1.27238 13.2392
0.78735 1.26632 15.9817
0.818465 1.42436 16.3431
0.847446 0.973614 16.2358
0.774255 0.984861 15.7319
0.725417 1.40439 15.6312
0.548157 1.3914 13.5793
0.580367 0.988145 13.482
0.490229 0.966774 12.9966
0.456093 1.36222 12.874
0.317069 1.28699 12.4235
0.29236 0.761561 12.4432
0.336404 0.464789 12.4031
0.274381 0.0684182 12.7667
0.411994 0.0813736 15.0098
0.628851 0.536193 15.5669
0.709297 0.822622 16.4749
0.765953 1.33727 16.5647
-7.35385 -0.489154 11.0379
-8.64302 -0.870979 13.4492
-8.80079 -0.764608 13.7977
-8.7719 -1.195 13.6231
-8.54154 -1.11491 13.1804
-8.4771 -0.686071 13.1601
-7.50561 -0.41817 11.3585
-7.48945 -0.803365 11.2007
-7.24719 -0.75817 10.7757
-7.18806 -0.34997 10.7268
-6.87014 -0.365098 10.3663
-6.83019 -0.887865 10.3195
-6.74502 -1.17902 10.2799
-6.7873 -1.62235 10.5851
-7.90849 -1.91387 12.5193
-8.3374 -1.5382 13.0171
-8.72488 -1.38068 13.8803
-8.83056 -0.882589 14.0106
-6.25338 -0.521711 11.5799
-7.54967 -0.903324 13.9876
-7.73766 -0.795807 14.3194
-7.63475 -1.22906 14.1861
-7.40413 -1.14877 13.7421
-7.40203 -0.717847 13.6893
-6.42066 -0.450237 11.8926
-6.32239 -0.838268 11.7782
-6.11488 -0.791807 11.3343
-6.08739 -0.382547 11.2689
-5.95783 -0.390901 10.8068
-5.96968 -0.912269 10.7355
-5.94874 -1.20062 10.6577
-6.19471 -1.63746 10.8592
-7.26113 -1.93132 12.8255
-7.41117 -1.56484 13.4676
-7.88074 -1.4042 14.2853
-7.9027 -0.909023 14.4601
0.545845 1.34232 -13.9627
0.640723 1.34938 -16.7224
0.632229 1.50844 -17.0853
0.688347 1.05922 -16.9795
0.66556 1.06785 -16.4737
0.609383 1.48512 -16.3678
0.54783 1.46268 -14.3038
0.606123 1.0611 -14.2105
0.565825 1.03645 -13.7209
0.527099 1.43024 -13.5946
0.409644 1.34872 -13.136
0.402935 0.822659 -13.1525
0.392816 0.525123 -13.116
0.309959 0.126335 -13.4708
0.396578 0.150389 -15.7256
0.556166 0.613877 -16.2998
0.536844 0.902853 -17.2119
0.567045 1.41943 -17.3038
-0.677554 1.29379 -14.0292
-0.574746 1.30117 -16.7884
-0.5487 1.4616 -17.1505
-0.57738 1.009 -17.0465
-0.599692 1.01766 -16.5416
-0.585662 1.43771 -16.4328
-0.658199 1.41484 -14.3694
-0.692708 1.00958 -14.2796
-0.693485 0.986497 -13.7887
-0.696569 1.3817 -13.661
-0.600127 1.30868 -13.1956
-0.549749 0.784882 -13.2084
-0.485102 0.490324 -13.1714
-0.339788 0.100593 -13.5157
-0.316722 0.122117 -15.7711
-0.470666 0.573155 -16.3586
-0.396159 0.865862 -17.2683
-0.460656 1.37868 -17.3637
-0.723576 1.26906 14.9062
-0.875393 1.26241 17.6635
-0.878319 1.42038 18.0273
-0.914669 0.969653 17.9183
-0.886563 0.981006 17.4134
-0.845658 1.40056 17.3096
-0.733651 1.38801 15.2476
-0.774858 0.984764 15.152
-0.728038 0.963501 14.6632
-0.703307 1.35897 14.5386
-0.569788 1.28386 14.083
-0.541773 0.758437 14.0972
-0.499543 0.461681 14.0622
-0.404531 0.0652585 14.4163
-0.567643 0.0777319 16.6669
-0.757368 0.532399 17.2402
-0.760982 0.818644 18.1542
-0.813826 1.33327 18.247
0.50033 1.26929 14.9717
0.340579 1.26264 17.7286
0.303127 1.42061 18.0903
0.351536 0.969893 17.9864
0.379188 0.981245 17.4813
0.349886 1.40079 17.3736
0.472881 1.38824 15.3121
0.52447 0.98501 15.2218
0.531777 0.963739 14.7307
0.520866 1.35921 14.6042
0.440531 1.28406 14.1363
0.411421 0.758618 14.1476
0.378954 0.461847 14.108
0.245749 0.0653817 14.4496
0.14614 0.077867 16.7041
0.269973 0.532594 17.2947
0.172568 0.818821 18.2032
0.214413 1.33346 18.3013
-0.873905 1.272 15.9521
-0.893255 1.26594 18.7134
-0.881079 1.42398 19.0766
-0.922122 0.97323 18.9703
-0.913746 0.984478 18.4641
-0.877219 1.40401 18.3586
-0.871204 1.39103 16.2936
-0.915995 0.987762 16.2002
-0.888348 0.966397 15.7095
-0.868877 1.36184 15.584
-0.76076 1.28664 15.122
-0.732593 0.761214 15.1359
-0.710921 0.464447 15.0978
-0.60239 0.0680981 15.4484
-0.629053 0.0810482 17.7049
-0.791197 0.535836 18.2853
-0.758149 0.822271 19.1978
-0.806414 1.33691 19.2928
0.3518 1.27225 15.984
0.324506 1.26618 18.7451
0.302104 1.42422 19.1084
0.345948 0.973484 19.0017
0.35387 0.984732 18.4963
0.320083 1.40425 18.3899
0.337102 1.39127 16.3252
0.385246 0.988022 16.2326
0.373322 0.966649 15.7419
0.357097 1.36209 15.6159
0.251039 1.28684 15.1529
0.221997 0.761405 15.1648
0.168856 0.464623 15.1282
0.0488332 0.0682282 15.4746
0.08577 0.0811911 17.73
0.23765 0.536041 18.315
0.176764 0.822458 19.2277
0.223332 1.33712 19.3235
-0.912649 1.27208 15.9894
-0.946438 1.26602 18.7504
-0.932273 1.42406 19.1141
-0.973626 0.973314 19.0065
-0.970051 0.984561 18.5011
-0.933956 1.40409 18.3954
-0.905777 1.3911 16.3308
-0.951716 0.987845 16.2372
-0.92863 0.966474 15.7468
-0.90965 1.36192 15.6212
-0.793596 1.28669 15.1607
-0.764756 0.761261 15.1732
-0.712065 0.464489 15.1377
-0.599893 0.0681182 15.4867
-0.68475 0.0810736 17.7409
-0.849632 0.535893 18.3224
-0.809506 0.822322 19.2361
-0.858282 1.33697 19.3309
0.313395 1.27208 15.9863
0.271658 1.26602 18.7474
0.251253 1.42406 19.1103
0.294764 0.973314 19.0049
0.297898 0.984561 18.4987
0.263676 1.40409 18.3924
0.302864 1.3911 16.3277
0.349857 0.987845 16.2353
0.333377 0.966474 15.7442
0.316661 1.36192 15.6182
0.218566 1.28669 15.154
0.190172 0.761261 15.1672
0.168091 0.464489 15.1287
0.0516783 0.0681182 15.4767
0.0303892 0.0810736 17.7332
0.179553 0.535893 18.3171
0.125766 0.822322 19.2287
0.171818 1.33697 19.3248
3.75285 0.0819657 15.6253
4.33041 0.344055 18.3129
4.35698 0.228814 18.6913
4.47292 0.644331 18.5177
4.3618 0.587289 18.0272
4.21451 0.180706 17.9888
3.79211 0.000187824 15.9754
3.9041 0.370133 15.8205
3.78473 0.350698 15.3439
3.65496 -0.0386052 15.2797
3.47365 0.0166804 14.8381
3.56367 0.532392 14.7834
3.59353 0.822351 14.7104
3.64573 1.2647 15.0158
4.13374 1.45654 17.2108
4.30688 1.0331 17.8118
4.3949 0.85115 18.7475
4.34822 0.351326 18.9031
2.58711 0.37824 15.8617
3.17223 0.638409 18.5478
3.23181 0.514861 18.9201
3.26669 0.950761 18.7614
3.1561 0.893651 18.2712
3.0758 0.470121 18.2198
2.64294 0.292263 16.2085
2.66634 0.684589 16.0707
2.58472 0.655637 15.5869
2.48896 0.257731 15.5161
2.51192 0.261491 15.0359
2.65628 0.763347 14.9698
2.75773 1.03541 14.8843
3.02752 1.4226 15.1467
3.45471 1.62967 17.3524
3.32873 1.28195 18.0119
3.50642 1.07743 18.9309
3.36934 0.60044 19.1039
-1.03216 1.26425 16.0357
-1.02717 1.2571 18.7969
-1.00814 1.41502 19.1605
-1.05036 0.964262 19.0533
-1.05386 0.975705 18.5479
-1.01983 1.39532 18.4419
-1.02069 1.38316 16.377
-1.06737 0.979872 16.2839
-1.05111 0.958719 15.7933
-1.03444 1.35424 15.6676
-0.924784 1.27935 15.2054
-0.895043 0.753952 15.2174
-0.842607 0.457268 15.1809
-0.725021 0.0609227 15.5282
-0.777985 0.0729062 17.7834
-0.935321 0.527274 18.3673
-0.882831 0.813413 19.2805
-0.930988 1.32796 19.3762
0.193713 1.26597 16.0157
0.190761 1.25881 18.777
0.175213 1.41668 19.1402
0.217873 0.966039 19.034
0.213923 0.977482 18.5279
0.177631 1.397 18.4222
0.187779 1.38485 16.3572
0.23404 0.981695 16.2639
0.210733 0.960488 15.7731
0.191705 1.35596 15.6476
0.0871758 1.28077 15.1848
0.0596991 0.755292 15.1981
0.0373287 0.458504 15.1598
-0.0736614 0.0618392 15.5092
-0.0630306 0.0739108 17.7659
0.0936809 0.528718 18.3478
0.0522387 0.814726 19.2602
0.098918 1.3294 19.3559
-1.04812 1.27208 16.0198
-1.07639 1.26602 18.7809
-1.06641 1.42406 19.1441
-1.10698 0.973314 19.0379
-1.09494 0.984561 18.5315
-1.05769 1.40409 18.4262
-1.04812 1.3911 16.3614
-1.09226 0.987845 16.2678
-1.06109 0.966474 15.7772
-1.0408 1.36192 15.6518
-0.93274 1.28669 15.1901
-0.904941 0.761261 15.2044
-0.891673 0.464489 15.1661
-0.785856 0.0681182 15.5177
-0.807099 0.0810736 17.7739
-0.971092 0.535893 18.3532
-0.944171 0.822322 19.2656
-0.992603 1.33697 19.3605
0.177722 1.27208 16.067
0.141511 1.26602 18.8277
0.116915 1.42406 19.1911
0.161217 0.973314 19.0843
0.172812 0.984561 18.5791
0.139748 1.40409 18.4725
0.160325 1.3911 16.4081
0.209109 0.987845 16.3157
0.200713 0.966474 15.825
0.18531 1.36192 15.6989
0.0792324 1.28669 15.2359
0.04981 0.761261 15.2473
-0.0116997 0.464489 15.2113
-0.134439 0.0681182 15.5568
-0.0921107 0.0810736 17.8113
0.05791 0.535893 18.3972
-0.0090791 0.822322 19.31
0.0373094 1.33697 19.406
-1.37492 1.5618 16.1184
-1.2953 1.55519 18.8784
-1.26565 1.71316 19.2413
-1.3115 1.26244 19.1353
-1.32977 1.27378 18.6302
-1.2982 1.69333 18.5232
-1.35317 1.68076 16.4593
-1.40314 1.27752 16.3676
-1.40125 1.25625 15.8767
-1.38763 1.65172 15.7505
-1.28978 1.57658 15.2857
-1.26032 1.05115 15.2967
-1.20463 0.754386 15.2593
-1.07741 0.357947 15.603
-1.0764 0.370451 17.8585
-1.21723 0.825153 18.4465
-1.13789 1.1114 19.358
-1.18275 1.62603 19.4549
-0.150037 1.56182 16.059
-0.0783523 1.5552 18.8193
-0.0832721 1.71317 19.1828
-0.0442447 1.26245 19.0757
-0.0629853 1.2738 18.5697
-0.101701 1.69335 18.465
-0.145673 1.68077 16.4005
-0.102743 1.27753 16.3062
-0.140417 1.25626 15.8161
-0.162469 1.65173 15.6911
-0.27873 1.57659 15.2312
-0.306438 1.05116 15.2456
-0.325565 0.754396 15.2077
-0.42678 0.357955 15.5605
-0.362165 0.37046 17.8161
-0.189119 0.825164 18.3932
-0.203697 1.11141 19.3061
-0.153756 1.62604 19.4003
-1.5848 1.34241 16.3653
-1.35997 1.33635 19.1175
-1.31306 1.49439 19.4783
-1.36403 1.04364 19.3754
-1.40543 1.05489 18.8714
-1.37904 1.47442 18.7629
-1.54788 1.46143 16.7048
-1.60189 1.05817 16.6158
-1.62255 1.0368 16.1252
-1.61501 1.43225 15.9984
-1.54435 1.35702 15.5289
-1.5147 0.831591 15.5392
-1.47544 0.534819 15.4988
-1.33279 0.138448 15.8366
-1.19147 0.151404 18.0886
-1.30131 0.606223 18.6823
-1.1796 0.892652 19.5882
-1.21925 1.4073 19.6872
-0.363585 1.34241 16.2607
-0.146674 1.33635 19.0136
-0.13424 1.49439 19.377
-0.100556 1.04364 19.2676
-0.142438 1.05489 18.7634
-0.186129 1.47442 18.6607
-0.344003 1.46143 16.6016
-0.30537 1.05817 16.5052
-0.365481 1.0368 16.0177
-0.393529 1.43225 15.8937
-0.536401 1.35702 15.4411
-0.563731 0.831591 15.4564
-0.599116 0.534819 15.4214
-0.684245 0.138448 15.7782
-0.479464 0.151404 18.0255
-0.276324 0.606223 18.5936
-0.24828 0.892652 19.5067
-0.193395 1.4073 19.5981
0.924353 -1.58426 16.5715
0.864858 -1.51881 19.3316
0.778558 -1.64931 19.696
0.998664 -1.2547 19.5857
1.00474 -1.27565 19.0803
0.80822 -1.649 18.978
0.861865 -1.68282 16.9138
1.06654 -1.3331 16.8177
1.06729 -1.31604 16.3264
0.896631 -1.67456 16.2045
0.837904 -1.5728 15.7385
1.01992 -1.07894 15.7447
1.10382 -0.792374 15.703
1.14886 -0.375891 16.0437
1.12581 -0.352962 18.3001
1.07708 -0.820343 18.892
0.900917 -1.04528 19.8061
0.738159 -1.53441 19.9085
-0.200318 -1.09833 16.537
-0.252524 -1.03603 19.2973
-0.307087 -1.18025 19.6626
-0.164893 -0.751973 19.5501
-0.158394 -0.773102 19.0446
-0.290389 -1.17433 18.9443
-0.246841 -1.20379 16.8798
-0.127457 -0.817221 16.7811
-0.0903884 -0.815848 16.2909
-0.228289 -1.18853 16.17
-0.0904561 -1.17169 15.7099
0.144044 -0.70051 15.7178
0.296622 -0.443615 15.678
0.551388 -0.117749 16.0252
0.469959 -0.0695957 18.2798
0.133067 -0.412469 18.863
0.0431124 -0.67465 19.7796
-0.206673 -1.12618 19.8794
-1.18571 1.26919 16.7973
-1.14461 1.26258 19.5584
-1.1242 1.42056 19.9214
-1.16762 0.969827 19.8158
-1.17087 0.981173 19.3096
-1.13674 1.40073 19.2034
-1.1751 1.38815 17.1387
-1.22204 0.984899 17.0462
-1.20566 0.96363 16.5551
-1.18903 1.3591 16.4292
-1.09064 1.28399 15.9651
-1.06212 0.75856 15.9781
-1.03901 0.4618 15.9395
-0.922428 0.0653837 16.2874
-0.903107 0.0778926 18.544
-1.05249 0.532566 19.128
-0.998599 0.818823 20.0397
-1.04478 1.33345 20.1359
0.0402845 1.26943 16.7994
0.0734403 1.26283 19.5604
0.0592789 1.42079 19.9242
0.100724 0.97008 19.8165
0.0970298 0.981426 19.3111
0.060844 1.40097 19.2055
0.0334965 1.38839 17.1408
0.0794878 0.985159 17.0471
0.056298 0.963882 16.5568
0.0372291 1.35935 16.4312
-0.0785341 1.28419 15.9706
-0.107243 0.75875 15.9831
-0.158909 0.461975 15.9474
-0.270907 0.065512 16.2964
-0.188014 0.0780341 18.5508
-0.0233513 0.532771 19.1322
-0.063378 0.819009 20.046
-0.0147312 1.33365 20.1409
-1.28032 1.26916 17.1243
-1.06113 1.26254 19.8758
-1.01052 1.42052 20.2368
-1.06221 0.969792 20.1326
-1.11108 0.981138 19.6298
-1.08572 1.40069 19.5212
-1.2373 1.38812 17.4633
-1.29289 0.984873 17.3744
-1.32071 0.963601 16.8844
-1.31434 1.35907 16.7576
-1.23637 1.28394 16.2891
-1.20584 0.758504 16.2976
-1.131 0.46174 16.2585
-0.982837 0.0653025 16.5937
-0.899384 0.0778081 18.845
-1.01005 0.532509 19.4405
-0.876645 0.818756 20.347
-0.916612 1.33339 20.446
-0.060817 1.26919 16.9747
0.150464 1.26257 19.7272
0.166577 1.42054 20.09
0.199601 0.969822 19.9818
0.150192 0.981169 19.4772
0.105506 1.40072 19.3748
-0.0351236 1.38814 17.3156
0.00190333 0.984904 17.2192
-0.0653747 0.963631 16.7317
-0.0945642 1.3591 16.6081
-0.230136 1.28396 16.1543
-0.25648 0.758529 16.1711
-0.256411 0.461765 16.1325
-0.335812 0.065323 16.4912
-0.188814 0.0778288 18.7415
0.0132982 0.532535 19.3076
0.0529962 0.818782 20.2191
0.107541 1.33341 20.3106
-1.22065 1.27238 17.3162
-1.17563 1.26632 20.0769
-1.15021 1.42436 20.4401
-1.19479 0.973614 20.3336
-1.20734 0.984861 19.8284
-1.17452 1.40439 19.7217
-1.20269 1.3914 17.6573
-1.25163 0.988145 17.565
-1.24417 0.966774 17.0743
-1.22906 1.36222 16.9481
-1.12495 1.28699 16.4847
-1.09557 0.761561 16.4961
-1.03688 0.464789 16.4597
-0.913529 0.0684182 16.8049
-0.944586 0.0813736 19.0599
-1.09276 0.536193 19.6462
-1.02389 0.822622 20.5586
-1.06996 1.33727 20.6548
0.00495135 1.27238 17.2688
0.0420288 1.26632 20.0297
0.0328715 1.42436 20.393
0.0731687 0.973614 20.2866
0.0601646 0.984861 19.7804
0.0226777 1.40439 19.6751
0.00551874 1.3914 17.6103
0.0494973 0.988145 17.5166
0.0173886 0.966774 17.0261
-0.00319472 1.36222 16.9007
-0.113223 1.28699 16.4394
-0.141046 0.761561 16.4537
-0.157161 0.464789 16.4155
-0.262339 0.0684182 16.7672
-0.229808 0.0813736 19.0234
-0.0639882 0.536193 19.6024
-0.0890396 0.822622 20.5149
-0.040293 1.33727 20.6097
-3.76567 -7.7156 15.3943
-4.09341 -9.11775 17.7498
-4.13048 -9.16549 18.1413
-4.14131 -9.49966 17.8185
-4.07222 -9.23379 17.3924
-4.03987 -8.81964 17.5185
-3.80949 -7.78593 15.7466
-3.82681 -8.08525 15.4578
-3.73927 -7.85597 15.031
-3.72058 -7.45201 15.1258
-3.56205 -7.28535 14.7048
-3.51571 -7.74646 14.4552
-3.49733 -7.98291 14.2727
-3.41682 -8.50521 14.3856
-3.66757 -9.63577 16.3213
-3.91124 -9.53305 17.0274
-3.99888 -9.74836 17.9551
-4.07742 -9.35165 18.2907
-2.55417 -7.77286 15.5861
-2.88977 -9.17464 17.9404
-2.96119 -9.22183 18.3282
-2.88763 -9.55714 18.0139
-2.81914 -9.29212 17.5892
-2.85646 -8.87569 17.7061
-2.6152 -7.84251 15.9358
-2.54037 -8.14446 15.6587
-2.49212 -7.91433 15.2274
-2.5088 -7.50923 15.3175
-2.56284 -7.33762 14.8715
-2.57295 -7.79549 14.612
-2.62917 -8.03224 14.4242
-2.7749 -8.54581 14.5048
-2.96227 -9.67634 16.4453
-2.89487 -9.58433 17.1938
-3.07585 -9.79814 18.1117
-3.06035 -9.40404 18.4591
-1.38692 1.17924 17.8474
-1.25344 1.18149 20.6051
-1.22684 1.34158 20.9674
-1.2448 0.888664 20.8622
-1.27448 0.898061 20.3577
-1.27305 1.31863 20.2501
-1.36579 1.29986 18.1877
-1.39084 0.894063 18.097
-1.39792 0.872272 17.6062
-1.41318 1.2676 17.4797
-1.31895 1.19857 17.0132
-1.25437 0.676271 17.0235
-1.17617 0.384054 16.9853
-1.01561 -0.00257922 17.3262
-0.97713 0.0125147 19.5809
-1.13635 0.457629 20.1718
-1.0571 0.749781 21.0817
-1.13415 1.26043 21.1794
-0.166181 1.26047 17.7592
-0.0406089 1.2622 20.5175
-0.0484852 1.41999 20.8809
0.0181961 0.972709 20.7732
-0.0119654 0.982075 20.2676
-0.0806007 1.39798 20.1638
-0.162385 1.37994 18.1006
-0.0948078 0.980306 18.0054
-0.141343 0.95589 17.5162
-0.192172 1.34885 17.3916
-0.311436 1.26561 16.934
-0.303815 0.739527 16.9491
-0.300259 0.442343 16.9114
-0.3674 0.0405583 17.2662
-0.265468 0.059874 19.5203
-0.111791 0.525809 20.0937
-0.126201 0.81173 21.0065
-0.10873 1.32866 21.0998
-1.28475 1.2683 18.1288
-1.00856 1.26175 20.8764
-0.955316 1.41973 21.2363
-1.00803 0.968993 21.1343
-1.05813 0.980329 20.6311
-1.03375 1.39988 20.5222
-1.24209 1.38727 18.4676
-1.29752 0.984015 18.3796
-1.32665 0.962737 17.8894
-1.32145 1.35821 17.7625
-1.26009 1.28309 17.2917
-1.23021 0.75766 17.3015
-1.19463 0.460903 17.2604
-1.04613 0.0644954 17.5957
-0.858314 0.0770393 19.8444
-0.957182 0.53172 20.44
-0.819762 0.817996 21.3436
-0.857648 1.33262 21.4434
-0.065334 1.26857 18.0053
0.202955 1.26201 20.7537
0.221775 1.41999 21.117
0.253568 0.96927 21.0068
0.202994 0.980607 20.5035
0.157407 1.40015 20.4016
-0.0399813 1.38753 18.3459
-0.00292423 0.9843 18.2487
-0.0714437 0.963013 17.7624
-0.101763 1.35847 17.639
-0.253574 1.28331 17.1892
-0.280601 0.757869 17.2048
-0.319516 0.461096 17.1709
-0.398436 0.0646381 17.5289
-0.147289 0.0771958 19.7716
0.0663273 0.531945 20.336
0.110244 0.818201 21.2487
0.166735 1.33284 21.3392
-1.27181 1.27192 18.3581
-1.00005 1.26592 21.1053
-0.952534 1.42397 21.4654
-1.00385 0.973214 21.3647
-1.0435 0.984452 20.8592
-1.01749 1.40399 20.7505
-1.23746 1.39096 18.6982
-1.2907 0.987687 18.6098
-1.30973 0.966313 18.1182
-1.30269 1.36176 17.9913
-1.24803 1.28654 17.5207
-1.21901 0.761117 17.5327
-1.22433 0.464344 17.4946
-1.08329 0.068002 17.8339
-0.837867 0.0810065 20.0758
-0.938281 0.535806 20.6685
-0.81801 0.822259 21.5728
-0.855892 1.3369 21.6724
-0.0452159 1.27217 18.291
0.218596 1.26616 21.0386
0.231823 1.42421 21.4029
0.264629 0.973468 21.2914
0.22478 0.984706 20.7878
0.180724 1.40423 20.6852
-0.0282332 1.3912 18.6323
0.0110215 0.987947 18.5351
-0.0473154 0.966565 18.0478
-0.0758413 1.362 17.924
-0.23403 1.28674 17.4761
-0.262426 0.761308 17.49
-0.341498 0.464521 17.4642
-0.428605 0.0681329 17.8203
-0.120422 0.0811499 20.0521
0.092257 0.536012 20.6191
0.119374 0.822446 21.5348
0.175859 1.33711 21.6252
-1.27939 1.27208 18.6702
-0.952206 1.26602 21.4119
-0.890174 1.42406 21.7707
-0.94533 0.973314 21.6693
-1.00872 0.984561 21.1679
-0.986873 1.40409 21.0584
-1.22725 1.3911 19.0078
-1.28521 0.987845 18.921
-1.32725 0.966474 18.4319
-1.325 1.36192 18.3049
-1.26941 1.28669 17.8332
-1.23909 0.761261 17.8417
-1.18769 0.464489 17.7995
-1.03023 0.0681182 18.1306
-0.825589 0.0810736 20.3768
-0.913054 0.535893 20.975
-0.75245 0.822322 21.8756
-0.788433 1.33697 21.976
-0.0647058 1.27208 18.502
0.254604 1.26602 21.2448
0.282252 1.42406 21.6072
0.311529 0.973314 21.4971
0.247594 0.984561 20.9948
0.199648 1.40409 20.8939
-0.0298229 1.3911 18.8418
0.00450228 0.987845 18.744
-0.0768653 0.966474 18.2593
-0.110041 1.36192 18.1367
-0.26726 1.28669 17.6891
-0.293572 0.761261 17.7061
-0.316726 0.464489 17.6702
-0.385977 0.0681182 18.0306
-0.117978 0.0810736 20.2712
0.10619 0.535893 20.8304
0.173388 0.822322 21.7409
0.231582 1.33697 21.8302
-3.77273 -0.420804 18.6245
-3.84023 -0.477531 21.3842
-3.90145 -0.334439 21.7485
-3.75362 -0.761214 21.6386
-3.73847 -0.738488 21.1327
-3.87311 -0.338473 21.0309
-3.82704 -0.317179 18.9668
-3.70191 -0.702171 18.8697
-3.65631 -0.70172 18.3797
-3.79632 -0.330301 18.2573
-3.66012 -0.348727 17.7974
-3.42156 -0.81778 17.8089
-3.29086 -1.08417 17.7688
-3.03923 -1.40864 18.12
-3.09607 -1.43614 20.3753
-3.43995 -1.09549 20.954
-3.5473 -0.836401 21.8685
-3.80214 -0.387173 21.9658
-2.65348 0.0762752 18.7006
-2.72823 0.0163266 21.4597
-2.82104 0.14538 21.8236
-2.59568 -0.246928 21.7146
-2.58095 -0.2244 21.2099
-2.7798 0.147086 21.1054
-2.72368 0.172843 19.042
-2.51368 -0.174435 18.948
-2.50422 -0.190047 18.457
-2.67683 0.166889 18.3333
-2.73624 0.0615305 17.8678
-2.54991 -0.430714 17.875
-2.48755 -0.727497 17.836
-2.44465 -1.14469 18.176
-2.44339 -1.14635 20.4307
-2.50049 -0.678291 21.0227
-2.69364 -0.45734 21.9359
-2.86186 0.0303735 22.0363
-1.19747 1.26276 19.1954
-1.06277 1.25579 21.9532
-1.03201 1.41373 22.3152
-1.07804 0.962966 22.2116
-1.09515 0.97439 21.7053
-1.06465 1.394 21.5981
-1.1781 1.38168 19.5366
-1.22696 0.97839 19.4455
-1.22402 0.957219 18.9539
-1.21159 1.35273 18.8276
-1.13145 1.2778 18.3603
-1.10219 0.752407 18.3729
-1.09403 0.455662 18.3339
-0.967665 0.0593295 18.6787
-0.850905 0.0715507 20.9318
-0.981102 0.525955 21.5198
-0.902035 0.812132 22.4291
-0.945489 1.32668 22.5269
0.0294107 1.26449 19.1745
0.156165 1.2575 21.9324
0.152433 1.41539 22.2967
0.191054 0.964746 22.1872
0.173591 0.976169 21.6822
0.133815 1.39568 21.5779
0.0313852 1.38338 19.5161
0.0753569 0.980217 19.4209
0.0387946 0.95899 18.9314
0.0155536 1.35445 18.8066
-0.118118 1.27922 18.3508
-0.146185 0.753744 18.3635
-0.212495 0.456893 18.3317
-0.31468 0.0602388 18.6834
-0.134596 0.0725506 20.9308
0.0490925 0.527398 21.5072
0.0344585 0.813441 22.4226
0.0857243 1.32813 22.516
-1.19276 1.27208 19.4961
-1.0364 1.26602 22.2519
-1.0048 1.42406 22.6136
-1.05174 0.973314 22.511
-1.06863 0.984561 22.0041
-1.03777 1.40409 21.8966
-1.1739 1.3911 19.8374
-1.22314 0.987845 19.7468
-1.22008 0.966474 19.2547
-1.20739 1.36192 19.1282
-1.13426 1.28669 18.6604
-1.10601 0.761261 18.6739
-1.11629 0.464489 18.6362
-0.990783 0.0681182 18.9816
-0.829818 0.0810736 21.2304
-0.954981 0.535893 21.818
-0.875166 0.822322 22.7266
-0.917054 1.33697 22.8245
0.03666 1.27208 19.489
0.185056 1.26602 22.2449
0.182241 1.42406 22.6095
0.219731 0.973314 22.4993
0.202602 0.984561 21.9945
0.163189 1.40409 21.8901
0.0381026 1.3911 19.8308
0.0816378 0.987845 19.7353
0.0452698 0.966474 19.2459
0.022291 1.36192 19.121
-0.11812 1.28669 18.6673
-0.147393 0.761261 18.6797
-0.231756 0.464489 18.652
-0.334996 0.0681182 19.0037
-0.111003 0.0810736 21.2445
0.0778026 0.535893 21.8202
0.0641363 0.822322 22.7367
0.116903 1.33697 22.8294
-1.29346 1.22386 19.9578
-0.857788 1.21725 22.6846
-0.782492 1.37522 23.0407
-0.841413 0.924499 22.9417
-0.922913 0.935845 22.4428
-0.905164 1.3554 22.3326
-1.22936 1.34282 20.2933
-1.29036 0.939576 20.2087
-1.3501 0.918303 19.7214
-1.35259 1.31377 19.5945
-1.31707 1.23864 19.1209
-1.28659 0.713207 19.1285
-1.24422 0.416444 19.0846
-1.07498 0.0200088 19.4098
-0.770467 0.0325174 21.6452
-0.834255 0.487217 22.2461
-0.640853 0.773467 23.1399
-0.672802 1.2881 23.2417
-0.0851123 1.2239 19.7513
0.342726 1.21729 22.4793
0.383828 1.37526 22.8406
0.408874 0.924541 22.7291
0.326838 0.935888 22.2297
0.275169 1.35544 22.1307
-0.0381801 1.34286 20.0896
-0.00738863 0.939619 19.9904
-0.106239 0.918345 19.5091
-0.14397 1.31381 19.3879
-0.320101 1.23867 18.9472
-0.345961 0.71324 18.9648
-0.377718 0.416475 18.9312
-0.433988 0.020032 19.2937
-0.0664778 0.0325424 21.5203
0.179703 0.487252 22.0707
0.280216 0.773499 22.9785
0.341936 1.28813 23.0655
-1.05121 1.31812 20.092
-1.02337 1.31206 22.8522
-1.00856 1.4701 23.215
-1.05069 1.01936 23.1103
-1.04412 1.0306 22.6031
-1.00832 1.45013 22.4972
-1.04813 1.43715 20.4339
-1.09314 1.03389 20.3411
-1.06731 1.01252 19.8496
-1.04877 1.40796 19.7238
-0.953807 1.33273 19.26
-0.926199 0.807305 19.2747
-0.934009 0.510533 19.2365
-0.824603 0.114162 19.5874
-0.76961 0.127118 21.8414
-0.921996 0.581937 22.4225
-0.884317 0.868366 23.3339
-0.93072 1.38302 23.4297
0.177129 1.31812 20.1413
0.197006 1.31206 22.9012
0.177299 1.4701 23.2652
0.219868 1.01936 23.1569
0.226097 1.0306 22.6518
0.191569 1.45013 22.5457
0.162788 1.43715 20.4828
0.210688 1.03389 20.3894
0.196991 1.01252 19.8989
0.179829 1.40796 19.773
0.0608242 1.33273 19.3132
0.0310273 0.807305 19.3243
-0.0512585 0.510533 19.2925
-0.17064 0.114162 19.6391
-0.0523069 0.127118 21.8881
0.109485 0.581937 22.4719
0.0534102 0.868366 23.3868
0.101802 1.38302 23.4818
0.815658 -1.52216 20.3797
0.692137 -1.43574 23.1366
0.595792 -1.56294 23.5
0.816074 -1.16782 23.391
0.838964 -1.19476 22.8868
0.648283 -1.57065 22.7828
0.742006 -1.61682 20.7209
0.947355 -1.2668 20.6268
0.964117 -1.25558 20.136
0.799736 -1.61665 20.013
0.747277 -1.51734 19.5454
0.924995 -1.02191 19.5508
0.986829 -0.726171 19.5096
1.01731 -0.305187 19.8463
0.973557 -0.278252 22.1008
0.91438 -0.741274 22.6964
0.710835 -0.957006 23.6082
0.549364 -1.44655 23.7108
-0.31059 -1.04548 20.2851
-0.426812 -0.962148 23.0426
-0.491345 -1.10282 23.4074
-0.349164 -0.674611 23.2955
-0.325825 -0.701757 22.7902
-0.451861 -1.10502 22.6903
-0.368251 -1.14691 20.6275
-0.248356 -0.760701 20.5285
-0.195198 -0.764901 20.0394
-0.326761 -1.13986 19.9185
-0.182244 -1.12399 19.4608
0.0480198 -0.650788 19.4714
0.178733 -0.384254 19.4311
0.419292 -0.0522083 19.7828
0.316992 -0.000455593 22.0364
-0.03087 -0.341242 22.6128
-0.148001 -0.593587 23.5282
-0.396671 -1.0462 23.6258
-1.17019 1.26845 20.5374
-1.08198 1.26185 23.2972
-1.05645 1.41983 23.6597
-1.10143 0.969094 23.5552
-1.11128 0.980439 23.0489
-1.07867 1.4 22.9421
-1.15539 1.38741 20.8787
-1.20347 0.984156 20.787
-1.19352 0.962886 20.2955
-1.1787 1.35836 20.1694
-1.0898 1.28324 19.7036
-1.06126 0.757814 19.7165
-1.04735 0.461053 19.6776
-0.926341 0.0646372 20.0241
-0.855708 0.0771567 22.2794
-0.995188 0.531832 22.8654
-0.929021 0.818092 23.7759
-0.97352 1.33271 23.8728
0.0563466 1.26869 20.5299
0.136613 1.2621 23.2898
0.127604 1.42006 23.6538
0.167403 0.969349 23.5452
0.157146 0.980694 23.04
0.119454 1.40024 22.935
0.0537506 1.38765 20.8715
0.098565 0.984418 20.777
0.068975 0.96314 20.2871
0.0481016 1.3586 20.1618
-0.077008 1.28344 19.7036
-0.105753 0.758005 19.7162
-0.166484 0.461228 19.6825
-0.274064 0.0647657 20.0329
-0.139969 0.0772987 22.284
0.0345522 0.532038 22.8631
0.00689591 0.818278 23.7778
0.0571827 1.33292 23.8719
-1.28947 1.26842 20.8268
-0.927873 1.26181 23.5645
-0.864523 1.41978 23.9226
-0.92021 0.969054 23.8226
-0.98389 0.980401 23.3206
-0.962512 1.39995 23.2111
-1.23792 1.38738 21.1644
-1.29571 0.984133 21.0781
-1.3381 0.96286 20.5887
-1.33642 1.35833 20.4617
-1.29135 1.2832 19.9892
-1.26147 0.757765 19.9985
-1.23601 0.461001 19.9569
-1.0787 0.0645643 20.2882
-0.807843 0.0770721 22.5286
-0.888167 0.531772 23.1265
-0.725986 0.818021 24.0256
-0.760614 1.33265 24.1265
-0.0729215 1.26845 20.6771
0.280793 1.26184 23.4157
0.309869 1.41981 23.7784
0.338311 0.969085 23.667
0.274218 0.980432 23.1654
0.225853 1.39998 23.0649
-0.0386325 1.38741 21.0168
-0.00425754 0.984165 20.9185
-0.0858761 0.962891 20.4343
-0.119604 1.35836 20.3119
-0.286889 1.28322 19.8675
-0.313808 0.757788 19.8836
-0.362441 0.461022 19.8526
-0.431889 0.0645794 20.2125
-0.0980388 0.077089 22.444
0.133138 0.531797 23.002
0.202217 0.818044 23.9137
0.26163 1.33268 24.0023
-1.33235 1.27238 21.0652
-0.883392 1.26632 23.79
-0.807489 1.42436 24.1457
-0.866621 0.973614 24.0474
-0.948439 0.984861 23.5483
-0.930904 1.40439 23.438
-1.26831 1.3914 21.4007
-1.32928 0.988145 21.3164
-1.38935 0.966774 20.829
-1.3921 1.36222 20.702
-1.36052 1.28699 20.2283
-1.33018 0.761561 20.2362
-1.297 0.464789 20.193
-1.12768 0.0684182 20.5183
-0.798846 0.0813736 22.7507
-0.859858 0.536193 23.3513
-0.665542 0.822622 24.2444
-0.696964 1.33727 24.3462
-0.12321 1.27238 20.8647
0.317907 1.26632 23.5907
0.359668 1.42436 23.952
0.384355 0.973614 23.8401
0.302064 0.984861 23.341
0.250208 1.40439 23.2421
-0.0763459 1.3914 21.2029
-0.0455849 0.988145 21.1037
-0.144719 0.966774 20.6227
-0.182696 1.36222 20.5014
-0.362537 1.28699 20.0621
-0.388613 0.761561 20.0795
-0.429349 0.464789 20.048
-0.485542 0.0684182 20.4105
-0.0938864 0.0813736 22.6329
0.154991 0.536193 23.1826
0.256563 0.822622 24.0906
0.31874 1.33727 24.1772
-11.8152 4.50254 -17.0651
-13.1087 5.27485 -19.3792
-13.2782 5.22511 -19.7339
-13.2311 5.62502 -19.5016
-12.9898 5.47406 -19.0827
-12.9405 5.04493 -19.1262
-11.9802 4.48355 -17.3864
-11.9459 4.84127 -17.1761
-11.6924 4.72712 -16.7703
-11.647 4.31442 -16.7824
-11.3326 4.26487 -16.4227
-11.2744 4.77415 -16.3031
-11.2176 5.04917 -16.1981
-11.2543 5.53343 -16.4347
-12.3186 6.14698 -18.3276
-12.7646 5.86213 -18.8658
-13.1801 5.8433 -19.7276
-13.3057 5.3734 -19.9267
-10.7488 4.5898 -17.6644
-12.0493 5.36155 -19.9746
-12.2494 5.30966 -20.3134
-12.1271 5.71478 -20.12
-11.8866 5.56405 -19.7016
-11.899 5.1302 -19.7117
-10.9291 4.56961 -17.9773
-10.8131 4.93344 -17.8109
-10.5945 4.81677 -17.3866
-10.5804 4.40169 -17.3817
-10.4548 4.33838 -16.9219
-10.4461 4.84342 -16.7738
-10.4562 5.11424 -16.6357
-10.6928 5.58281 -16.7622
-11.7002 6.19999 -18.6835
-11.8711 5.93633 -19.3717
-12.3697 5.91167 -20.1902
-12.4119 5.44798 -20.434
1.17597 1.37207 -22.2057
0.852457 1.36615 -24.9481
0.790913 1.52377 -25.3065
0.856637 1.07426 -25.2074
0.911334 1.08537 -24.7042
0.877337 1.50381 -24.5937
1.12741 1.49093 -22.5438
1.19405 1.08899 -22.4579
1.22854 1.06699 -21.9678
1.21459 1.46181 -21.8396
1.16631 1.38384 -21.368
1.15031 0.857854 -21.3798
1.13935 0.560575 -21.3401
0.998176 0.161458 -21.6756
0.746982 0.174879 -23.9182
0.823865 0.633689 -24.513
0.669576 0.919018 -25.4134
0.692239 1.43474 -25.5121
-0.0434409 1.34014 -22.0827
-0.359048 1.33442 -24.8258
-0.386292 1.49294 -25.1886
-0.404749 1.04122 -25.0788
-0.349683 1.05234 -24.5763
-0.313825 1.47262 -24.4736
-0.0746971 1.45945 -22.4226
-0.10035 1.05509 -22.3261
-0.0265881 1.03411 -21.8407
-0.00508173 1.42986 -21.7165
0.159228 1.35748 -21.2704
0.200195 0.83298 -21.2875
0.263303 0.53765 -21.2583
0.349319 0.144488 -21.6183
0.0351416 0.156253 -23.8521
-0.200004 0.60688 -24.4122
-0.261122 0.894656 -25.3244
-0.332627 1.4079 -25.4121
-1.32059 1.26727 23.2588
-1.0341 1.26072 26.0053
-0.979877 1.4187 26.365
-1.03289 0.967963 26.2633
-1.08418 0.9793 25.7601
-1.0601 1.39885 25.6512
-1.27722 1.38624 23.5975
-1.33284 0.982984 23.5097
-1.36313 0.961705 23.0195
-1.35829 1.35717 22.8926
-1.29923 1.28205 22.4215
-1.26938 0.756628 22.4314
-1.23692 0.45987 22.3902
-1.08767 0.0634627 22.7252
-0.886979 0.0760094 24.9729
-0.983653 0.530691 25.5687
-0.843978 0.816967 26.4718
-0.881481 1.33159 26.5717
-0.101246 1.26754 23.1347
0.177349 1.26098 25.882
0.197166 1.41896 26.2453
0.22861 0.968241 26.1348
0.176866 0.979577 25.6317
0.130996 1.39912 25.53
-0.0751837 1.3865 23.4752
-0.0383424 0.983269 23.3778
-0.108004 0.961981 22.8917
-0.13867 1.35744 22.7685
-0.292689 1.28227 22.3194
-0.31975 0.756836 22.335
-0.36172 0.460063 22.3016
-0.439846 0.0636052 22.6598
-0.175876 0.0761658 24.9009
0.039852 0.530916 25.4647
0.0860741 0.817171 26.3775
0.142916 1.33182 26.4677
-1.26808 1.27193 22.5786
-1.00497 1.26592 25.3268
-0.950139 1.42397 25.6869
-1.00308 0.973214 25.584
-1.05708 0.98445 25.0816
-1.03312 1.40398 24.9726
-1.222 1.39096 22.917
-1.27832 0.98769 22.829
-1.31117 0.966313 22.3393
-1.30642 1.36176 22.2123
-1.23808 1.28654 21.7423
-1.20763 0.76112 21.751
-1.14547 0.46436 21.7102
-0.994009 0.0680199 22.0441
-0.85643 0.0810029 24.2944
-0.957805 0.535802 24.8909
-0.814606 0.82226 25.795
-0.853056 1.3369 25.8946
-0.050522 1.27217 22.4257
0.2047 1.26616 25.1749
0.225063 1.4242 25.5377
0.256754 0.973466 25.4286
0.202206 0.984701 24.925
0.156216 1.40422 24.8231
-0.0217358 1.3912 22.7661
0.0144467 0.987948 22.6692
-0.0578194 0.966563 22.1829
-0.0885839 1.362 22.0595
-0.23356 1.28674 21.6082
-0.259869 0.761309 21.6249
-0.272443 0.464535 21.5875
-0.34823 0.068149 21.9468
-0.147144 0.0811447 24.1939
0.0638525 0.536007 24.7575
0.113424 0.822445 25.6688
0.169376 1.33711 25.7594
-1.29712 1.27208 22.0098
-0.864011 1.26602 24.7348
-0.783536 1.42406 25.0906
-0.843577 0.973314 24.9904
-0.935086 0.984561 24.4937
-0.918821 1.40409 24.3833
-1.22494 1.3911 22.344
-1.28802 0.987845 22.2598
-1.3574 0.966474 21.774
-1.36155 1.36192 21.647
-1.3177 1.28669 21.1742
-1.28624 0.761261 21.1797
-1.19973 0.464489 21.1351
-1.02329 0.0681182 21.4565
-0.786939 0.0810736 23.6941
-0.85062 0.535893 24.2971
-0.641213 0.822322 25.1902
-0.673386 1.33697 25.2919
-0.0945404 1.27208 21.7456
0.330767 1.26602 24.4723
0.376985 1.42406 24.8323
0.401111 0.973314 24.7225
0.308884 0.984561 24.2232
0.255848 1.40409 24.1248
-0.0394747 1.3911 22.0832
-0.0108437 0.987845 21.9843
-0.119363 0.966474 21.5039
-0.158694 1.36192 21.3829
-0.326556 1.28669 20.9407
-0.35105 0.761261 20.9603
-0.339117 0.464489 20.9201
-0.38753 0.0681182 21.2847
-0.0878389 0.0810736 23.5179
0.15781 0.535893 24.0654
0.274154 0.822322 24.9698
0.335591 1.33697 25.0567
-2.67711 -0.380985 21.2105
-2.64228 -0.477389 23.97
-2.67634 -0.335364 24.3385
-2.56724 -0.770632 24.2167
-2.57298 -0.741992 23.7113
-2.68001 -0.331231 23.6202
-2.70738 -0.278172 21.5559
-2.61742 -0.670348 21.4488
-2.59383 -0.666497 20.9576
-2.70932 -0.283508 20.8458
-2.59051 -0.304172 20.3807
-2.389 -0.790408 20.3759
-2.2684 -1.06095 20.3274
-2.02744 -1.40894 20.663
-2.01851 -1.47563 22.9187
-2.31182 -1.11867 23.5159
-2.35814 -0.865246 24.4377
-2.57296 -0.399164 24.551
-1.52091 0.0262858 21.2303
-1.49358 -0.0727584 23.9897
-1.56024 0.0577508 24.3584
-1.3711 -0.349242 24.2359
-1.37726 -0.320774 23.7311
-1.5506 0.0665995 23.6396
-1.5676 0.123314 21.5756
-1.38999 -0.23794 21.4686
-1.40372 -0.247262 20.9775
-1.55287 0.123853 20.8655
-1.63603 0.0319002 20.401
-1.48849 -0.473331 20.3948
-1.43841 -0.768826 20.348
-1.41303 -1.1928 20.6814
-1.34414 -1.23829 22.9358
-1.34128 -0.776888 23.5351
-1.47617 -0.554748 24.4575
-1.60156 -0.0571112 24.571
