1 36 36
2.395448 0.760400 7.620355
1.520800 1.636200 3.860000
721.530000 0.000000 609.550000 0.000000 721.530000 172.850000 0.000000 0.000000 1.000000
857.879679 324.990997
772.831520 281.902616
770.254303 281.902616
770.254303 254.772895
775.408737 262.752225
780.563171 296.265410
842.416377 321.799265
839.839160 291.477812
868.188546 302.648874
878.497414 336.162059
896.537932 334.566193
901.692366 301.053008
906.846800 257.964627
912.001234 192.534122
811.489774 190.938256
785.717604 224.451441
772.831520 237.218369
770.254303 277.115018
1020.244345 318.607533
896.537932 277.115018
883.651848 277.115018
886.229065 253.177029
909.424017 257.964627
912.001234 286.690214
994.472176 313.819935
1007.358260 285.094348
1038.284864 293.073678
1043.439297 329.778595
1053.748165 328.182729
1053.748165 285.094348
1048.593731 245.197699
1020.244345 190.938256
914.578451 189.342390
901.692366 221.259710
873.342980 234.026637
873.342980 269.135688
0.100000
0.100000
0.100000
0.100000
0.100000
0.100000
0.100000
0.100000
0.100000
0.100000
0.100000
0.100000
0.230065
0.100000
0.100000
0.100000
0.100000
0.100000
0.100000
0.100000
0.100000
0.278050
0.367191
0.100000
0.402737
0.100000
0.100000
0.100000
0.100000
0.100000
0.100000
0.100000
0.100000
0.100000
0.272033
0.100000
1.592103 1.266462 6.403832
1.544876 1.265633 8.935059
1.548454 1.329173 9.318056
1.524875 0.906029 9.209746
1.527046 0.917192 8.650078
1.565589 1.364334 8.539854
1.594336 1.347826 6.793341
1.552839 0.912974 6.687152
1.579633 0.892293 6.145964
1.600630 1.290435 6.015227
1.696154 1.216036 5.664593
1.740635 0.573746 5.688043
1.741351 0.394816 6.052047
1.865949 -0.021454 6.445435
1.826053 -0.006060 7.915372
1.646852 0.475019 8.448984
1.657521 0.714723 9.438230
1.611998 1.285465 9.523332
3.248575 1.266462 6.438211
3.190739 1.265633 8.969218
3.171273 1.329173 9.351737
3.199325 0.906029 9.244498
3.220378 0.917192 8.685222
3.186441 1.364334 8.573494
3.230183 1.347826 6.827292
3.276050 0.912974 6.722916
3.271734 0.892293 6.181083
3.256179 1.290435 6.049587
3.175285 1.216036 5.695292
3.129870 0.573746 5.716876
3.114052 0.394816 6.080536
2.973239 -0.021454 6.468416
2.952112 -0.006060 7.938743
3.109018 0.475019 8.479330
3.057314 0.714723 9.467282
3.099267 1.285465 9.554199
0.099075 -0.425003 0.107273 0.084489 -0.423092 0.135366 0.065644 -0.333222 0.056650 0.058868 -0.200311 0.146699 0.059175 -0.244168 0.164298 0.097239 -0.326814 0.212264 0.085925 -0.333850 0.054563 0.115079 -0.168260 0.109197 0.067022 -0.180628 0.112053 0.081957 -0.319007 0.171899 0.124004 -0.321080 -0.157796 0.188920 -0.843411 -0.071496 -0.020010 -0.016722 2.011886 0.012821 0.343932 2.460244 0.117337 0.273531 -0.028285 0.030965 0.040604 -0.070468 -0.007824 -0.106508 0.182059 0.057106 -0.220059 0.172589 -0.103441 -0.425003 0.103070 -0.090033 -0.423092 0.131744 -0.067938 -0.333222 0.053877 -0.064904 -0.200311 0.144130 -0.065941 -0.244168 0.161701 -0.105963 -0.326814 0.208046 -0.088115 -0.333850 0.050951 -0.119510 -0.168260 0.104328 -0.071613 -0.180628 0.109175 -0.089018 -0.319007 0.168350 -0.117350 -0.321080 -0.162805 -0.185791 -0.843411 -0.079273 -0.063482 -0.016722 2.010983 -0.114888 0.343932 2.457593 -0.116063 0.273531 -0.033129 -0.028015 0.040604 -0.071692 0.000263 -0.106508 0.182226 -0.064217 -0.220059 0.170071 
0.626196 -0.226577 0.130636 0.613577 -0.243151 0.759631 0.638762 -0.431022 0.676417 0.623991 -0.255137 0.694427 0.615792 -0.280256 0.871583 0.634592 -0.418557 0.834843 0.640265 -0.409868 0.046681 0.654448 -0.177810 0.055540 0.608647 -0.155438 0.147600 0.588055 -0.312476 0.177498 0.500745 -0.269734 -0.488738 0.401968 0.260236 -0.552803 0.356480 0.119933 -0.314999 0.366023 0.105491 -0.600387 0.366417 0.113920 0.862197 0.438663 -0.001769 0.529368 0.451249 -0.111957 0.757439 0.501348 -0.552251 0.674988 -0.631077 -0.226577 0.104543 -0.644567 -0.243151 0.733519 -0.666277 -0.431022 0.649332 -0.652266 -0.255137 0.667939 -0.651424 -0.280256 0.845283 -0.668684 -0.418557 0.807794 -0.641650 -0.409868 0.020075 -0.656188 -0.177810 0.028339 -0.614247 -0.155438 0.122220 -0.594913 -0.312476 0.152946 -0.480036 -0.269734 -0.509093 -0.378686 0.260236 -0.569005 -0.343104 0.119933 -0.329518 -0.340797 0.105491 -0.615056 -0.401875 0.113920 0.846252 -0.460249 -0.001769 0.510711 -0.482288 -0.111957 0.738064 -0.528922 -0.552251 0.653605 
-0.320691 -0.128278 0.241347 -0.287553 -0.118248 0.230991 -0.245298 -1.174897 0.310039 -0.178131 -0.961083 0.212278 -0.226295 -0.940817 0.172383 -0.235530 -0.819776 0.011818 -0.250975 -0.819646 0.467725 -0.243855 -0.914143 0.322757 -0.281104 -0.852948 0.187585 -0.329132 -0.866159 0.135429 -0.622662 -0.835429 0.161548 -0.744647 -0.007354 0.024448 -0.753674 -0.465070 0.132810 -0.742974 -0.876318 -0.524065 -0.648319 -0.827052 0.431579 -0.478319 -0.679363 -0.262261 -0.522118 -0.943978 0.302813 -0.492816 -1.304639 0.125970 0.310401 -0.128278 0.254445 0.277721 -0.118248 0.242723 0.232223 -1.174897 0.319949 0.169170 -0.961083 0.219486 0.218948 -0.940817 0.181624 0.234837 -0.819776 0.021580 0.231353 -0.819646 0.477735 0.230253 -0.914143 0.332597 0.273079 -0.852948 0.199087 0.323229 -0.866159 0.148968 0.615423 -0.835429 0.187244 0.742991 -0.007354 0.055323 0.747515 -0.465070 0.163967 0.764078 -0.876318 -0.492787 0.629854 -0.827052 0.458106 0.488788 -0.679363 -0.242189 0.509105 -0.943978 0.324215 0.487165 -1.304639 0.146309 
0.120703 0.384484 1.234536 0.183870 0.384471 -0.408988 0.272258 -0.329769 -0.438501 0.302215 0.154803 -0.499417 0.234003 0.123581 -0.337970 0.229167 -0.213989 -0.413531 0.177264 -0.251081 1.223118 0.173215 0.219139 1.185002 0.160512 0.190217 1.343724 0.163030 -0.282990 1.272555 0.287556 -0.117840 0.605367 0.323586 0.498560 0.496177 0.265749 0.190217 0.207611 0.313958 -0.021277 -0.249748 0.205432 0.164178 0.043520 0.221303 0.190632 -0.488191 0.311305 0.193243 -0.409946 0.256659 -0.307040 -0.401854 -0.171821 0.384484 1.228465 -0.166742 0.384471 -0.416265 -0.253829 -0.329769 -0.449420 -0.281233 0.154803 -0.511526 -0.219779 0.123581 -0.347388 -0.211812 -0.213989 -0.422683 -0.227859 -0.251081 1.214710 -0.222232 0.219139 1.176795 -0.216126 0.190217 1.335907 -0.215689 -0.282990 1.264694 -0.312426 -0.117840 0.592915 -0.343894 0.498560 0.482323 -0.274135 0.190217 0.196406 -0.303326 -0.021277 -0.262559 -0.207061 0.164178 0.034959 -0.200857 0.190632 -0.496952 -0.294028 0.193243 -0.422509 -0.239764 -0.307040 -0.412157 
-0.077652 0.587931 0.412244 -0.100613 0.557221 0.601270 -0.156340 0.591333 0.576454 -0.113654 0.773749 0.598897 -0.146492 0.768773 0.592312 -0.154337 0.635059 0.573553 -0.163749 0.655948 0.411151 -0.146137 0.784705 0.433913 -0.140314 0.834691 0.301323 -0.190383 0.791618 0.312977 -0.507585 0.878385 0.181409 -0.724134 1.131377 0.089489 -0.810195 0.688706 0.651920 -0.656868 0.033004 0.097169 -0.554091 0.174279 0.989056 -0.427869 0.546064 0.513659 -0.444047 0.367943 0.405474 -0.433346 0.600222 0.258502 0.060481 0.587931 0.415111 0.075579 0.557221 0.604927 0.132288 0.591333 0.582444 0.088708 0.773749 0.603097 0.121790 0.768773 0.597880 0.130407 0.635059 0.579463 0.146549 0.655948 0.417591 0.128008 0.784705 0.439603 0.127691 0.834691 0.306885 0.177234 0.791618 0.320607 0.499621 0.878385 0.202313 0.719797 1.131377 0.119457 0.782448 0.688706 0.684974 0.652271 0.033004 0.124339 0.512577 0.174279 1.011194 0.406189 0.546064 0.530970 0.426841 0.367943 0.423548 0.422248 0.600222 0.276259 
0.123022 0.954066 -0.589530 0.160475 0.972156 -0.347805 0.247344 -0.413315 -0.321175 0.347589 0.000907 -0.488164 0.377677 0.121002 -0.371351 0.158350 0.023247 -0.543839 0.202782 -0.048191 -0.439248 0.269988 0.040455 -0.576689 0.307068 0.022139 -0.443966 0.218617 -0.179922 -0.550758 0.007209 -0.282148 0.599838 -0.029416 0.433685 0.760204 -0.011290 -0.201238 1.103803 -0.067694 -0.638590 -0.266933 -0.018482 -0.509587 1.584245 0.332381 -0.220850 1.075691 0.433853 -0.125693 -0.636447 0.173619 -0.505486 -0.559640 -0.098456 0.954066 -0.594126 -0.145906 0.972156 -0.354164 -0.233805 -0.413315 -0.331161 -0.327035 0.000907 -0.502166 -0.361944 0.121002 -0.386702 -0.135649 0.023247 -0.549941 -0.184383 -0.048191 -0.447284 -0.245828 0.040455 -0.587395 -0.288383 0.022139 -0.456324 -0.195578 -0.179922 -0.559355 -0.032091 -0.282148 0.599022 -0.002151 0.433685 0.760770 -0.034517 -0.201238 1.103320 0.078711 -0.638590 -0.263895 -0.047265 -0.509587 1.583648 -0.376726 -0.220850 1.060974 -0.407073 -0.125693 -0.653900 -0.150250 -0.505486 -0.566362 
-0.025124 0.048832 0.323140 0.007383 0.030827 0.340694 0.001839 0.689645 0.468756 -0.097245 -0.017675 0.365587 -0.174628 -0.110746 0.309547 -0.162869 0.441642 0.303532 -0.127608 0.475449 0.411501 -0.242227 -0.231158 0.325140 -0.202897 -0.284940 0.390947 -0.111685 0.404582 0.277230 0.294664 0.347378 0.498094 0.450150 -2.028564 0.436373 0.346951 -1.369837 -0.864811 -0.011857 -1.058599 0.599462 0.032908 -0.928072 0.261345 0.082079 -0.704922 1.334814 -0.088508 -0.594611 -0.687548 0.160835 0.697789 -0.147222 0.011695 0.048832 0.323904 -0.021512 0.030827 0.340094 -0.021286 0.689645 0.468277 0.081992 -0.017675 0.369307 0.161634 -0.110746 0.316526 0.150135 0.441642 0.310028 0.110425 0.475449 0.416441 0.228529 -0.231158 0.334910 0.186502 -0.284940 0.399028 0.100086 0.404582 0.281625 -0.315076 0.347378 0.485439 -0.467868 -2.028564 0.417321 -0.310771 -1.369837 -0.878462 -0.013025 -1.058599 0.599437 -0.043723 -0.928072 0.259755 -0.137391 -0.704922 1.330259 0.116959 -0.594611 -0.683284 -0.154588 0.697789 -0.153768 
-0.396152 -0.698871 0.231331 -0.314028 -0.654710 -0.455685 -0.399719 -0.256063 -0.757941 -0.420986 -0.218038 -0.728627 -0.384947 -0.285705 -0.068934 -0.314616 -0.285938 -0.072591 -0.340823 -0.318903 -0.156558 -0.392027 -0.264071 -0.155180 -0.431364 -0.180155 0.444396 -0.358087 -0.214539 0.488742 -0.197970 -0.389978 -0.476671 -0.122457 -0.125647 -0.475832 0.535229 0.608936 -0.687971 0.323476 1.242687 0.264545 0.004393 1.079707 1.409979 -0.185977 0.581387 1.421157 -0.338599 0.487364 0.084903 -0.042941 -0.216107 0.143761 0.386213 -0.698871 0.247569 0.332664 -0.654710 -0.442263 0.430823 -0.256063 -0.740704 0.450855 -0.218038 -0.710532 0.387476 -0.285705 -0.052903 0.317357 -0.285938 -0.059475 0.347025 -0.318903 -0.142282 0.398128 -0.264071 -0.138781 0.412554 -0.180155 0.461911 0.337500 -0.214539 0.503179 0.217577 -0.389978 -0.468046 0.142094 -0.125647 -0.470341 -0.506224 0.608936 -0.709586 -0.334174 1.242687 0.250896 -0.062890 1.079707 1.408582 0.126852 0.581387 1.427649 0.334785 0.487364 0.098879 0.036939 -0.216107 0.145419 
-0.416836 -0.217345 -0.207443 -0.415978 -0.201957 0.753271 -0.258535 -0.360006 0.627918 -0.111845 -0.057443 0.736545 -0.489088 -0.213308 0.714147 -0.373216 -0.109521 0.842467 -0.410214 -0.217364 -0.255258 -0.384466 -0.122246 -0.139311 -0.356007 -0.266080 -0.067489 -0.264682 -0.431217 -0.075485 -0.148010 -0.404957 1.112646 0.273749 0.372685 1.132506 0.539573 0.269514 0.334503 1.041269 1.153723 -0.444137 0.474266 0.837237 -0.179106 0.289633 0.208339 -0.182011 0.321332 0.332334 -0.749294 -0.398208 -0.368046 -0.709442 0.425084 -0.217345 -0.189969 0.384366 -0.201957 0.769882 0.232260 -0.360006 0.638104 0.081189 -0.057443 0.740552 0.459036 -0.213308 0.733824 0.337940 -0.109521 0.857227 0.420451 -0.217364 -0.238018 0.389915 -0.122246 -0.123239 0.358501 -0.266080 -0.052660 0.267586 -0.431217 -0.064438 0.101718 -0.404957 1.117829 -0.320502 0.372685 1.120172 -0.552987 0.269514 0.311827 -1.021945 1.153723 -0.486957 -0.466426 0.837237 -0.198629 -0.281832 0.208339 -0.193872 -0.289966 0.332334 -0.761981 0.427301 -0.368046 -0.692309 
0.288761 0.211093 -0.075742 0.214131 0.163232 0.140975 0.093064 -0.647084 -0.285222 0.133160 0.542196 -0.124893 0.276857 0.412972 0.595910 0.171106 -0.384341 0.457242 0.211445 -0.458027 -0.429004 0.376338 0.812338 -0.394759 0.377324 0.831121 0.151620 0.195820 -0.383726 0.319908 0.229352 -0.164994 -0.202828 0.389815 -2.082586 -0.067288 -0.525518 0.370547 -0.167784 -1.245412 0.654075 -0.437229 -0.496356 0.750943 0.093444 -0.412982 0.550392 -0.444539 -0.803072 -0.149205 -1.219777 -0.332996 -0.404063 -0.511915 -0.285370 0.211093 -0.087658 -0.219796 0.163232 0.131969 -0.081150 -0.647084 -0.288837 -0.127864 0.542196 -0.130311 -0.301343 0.412972 0.583909 -0.189930 -0.384341 0.449749 -0.193463 -0.458027 -0.437407 -0.359635 0.812338 -0.410034 -0.383290 0.831121 0.135834 -0.208924 -0.383726 0.311507 -0.220739 -0.164994 -0.212170 -0.386687 -2.082586 -0.083404 0.532027 0.370547 -0.145836 1.262481 0.654075 -0.385179 0.492051 0.750943 0.113958 0.431070 0.550392 -0.427021 0.852990 -0.149205 -1.185406 0.353949 -0.404063 -0.497658 
0.066897 0.512412 -0.175175 0.020690 0.512243 0.222770 0.150278 -0.683017 0.115637 0.349223 0.207451 -0.057738 0.222817 0.336934 0.159255 0.017623 -0.204529 0.090420 0.045600 -0.193411 -0.120914 0.222261 0.223947 -0.250990 0.204173 0.144002 -0.048262 0.105378 -0.257988 -0.125031 -0.244632 -0.448581 0.556372 0.027165 1.623918 0.387610 0.445969 0.147851 -1.868969 -0.737171 -0.081590 1.875320 -0.308626 -0.037999 0.003939 -0.138001 -0.075778 -0.251330 0.058688 0.106463 0.004922 -0.071120 -0.767723 -0.294060 -0.059571 0.512412 -0.177800 -0.029915 0.512243 0.221720 -0.154946 -0.683017 0.109303 -0.346527 0.207451 -0.072178 -0.229232 0.336934 0.149873 -0.021359 -0.204529 0.089611 -0.040544 -0.193411 -0.122701 -0.211656 0.223947 -0.259996 -0.201995 0.144002 -0.056692 -0.100100 -0.257988 -0.129296 0.221337 -0.448581 0.566043 -0.043224 1.623918 0.386149 -0.368040 0.147851 -1.885863 0.658727 -0.081590 1.904291 0.308197 -0.037999 0.016741 0.148310 -0.075778 -0.245387 -0.058842 0.106463 0.002483 0.083260 -0.767723 -0.290856 
-0.240924 1.057821 0.040994 -0.352385 1.052152 0.186342 -0.310630 -0.249701 0.110880 -0.374629 -0.187528 -0.314856 -0.202062 0.015822 0.483608 -0.176087 0.362248 0.098972 0.006860 0.426507 0.079071 -0.031906 0.107092 -0.320730 0.155419 0.387192 0.282204 0.104614 0.476486 -0.057818 -0.094745 0.441862 -0.802819 0.134538 0.042509 -0.841494 1.445064 0.322395 0.184385 1.244911 -0.583927 0.176769 0.129175 -0.859382 0.578550 0.058208 -0.287972 -0.959913 -0.908744 -0.742306 -0.615858 -0.682265 -0.726083 0.197778 0.239016 1.057821 0.050955 0.344350 1.052152 0.200802 0.305762 -0.249701 0.123673 0.387370 -0.187528 -0.299041 0.181823 0.015822 0.491575 0.171829 0.362248 0.106193 -0.010135 0.426507 0.078718 0.045186 0.107092 -0.319130 -0.166994 0.387192 0.275513 -0.102125 0.476486 -0.062109 0.127973 0.441862 -0.798197 -0.099508 0.042509 -0.846351 -1.451470 0.322395 0.124270 -1.251174 -0.583927 0.124964 -0.153068 -0.859382 0.572692 -0.018331 -0.287972 -0.961501 0.933514 -0.742306 -0.577623 0.673472 -0.726083 0.225916 
-0.568048 0.619788 -0.087342 -0.488195 0.630712 0.169398 -0.147686 -0.118009 -0.038676 -0.153933 -0.422820 -0.560583 -0.335466 -0.472767 0.698797 -0.490835 0.284253 0.172574 -0.546980 0.217066 -0.159940 -0.482076 -0.576897 -0.646235 -0.221130 -0.306340 0.524847 -0.179285 0.143873 0.129757 0.795831 0.328434 -0.017927 1.085450 -0.196424 0.133561 0.295606 0.068561 0.230608 -1.140474 -0.250653 -0.172720 -0.648201 -0.015135 0.373255 -0.127307 0.183647 -0.796738 1.271971 0.832261 0.495069 1.083329 0.301313 0.523307 0.571182 0.619788 -0.063698 0.480746 0.630712 0.189507 0.149163 -0.118009 -0.032515 0.177060 -0.422820 -0.553714 0.306183 -0.472767 0.712114 0.483252 0.284253 0.192791 0.553145 0.217066 -0.137107 0.508474 -0.576897 -0.625677 0.199163 -0.306340 0.533570 0.173746 0.143873 0.137084 -0.794402 0.328434 -0.050931 -1.090057 -0.196424 0.088410 -0.304919 0.068561 0.218144 1.146658 -0.250653 -0.125252 0.632156 -0.015135 0.399828 0.160255 0.183647 -0.790770 -1.291417 0.832261 0.441868 -1.104109 0.301313 0.477908 
-0.277555 0.503348 -0.033814 -0.214033 0.517874 0.031434 -0.179718 -0.100684 0.173871 0.113456 1.122196 0.491232 -0.198990 0.949738 -0.428552 -0.201541 0.103100 -0.285346 -0.162644 -0.090726 0.206749 0.071766 0.984058 0.426726 0.022132 0.637709 -0.260762 -0.250109 -0.834593 -0.280355 -0.506953 -2.192133 -0.225537 -0.163161 -1.640316 0.158497 0.555926 -0.364030 -0.154990 0.444986 -0.263164 -0.084373 0.008799 -0.155684 0.491833 -0.332152 0.058998 -0.417947 0.654082 1.052981 1.055438 -0.139650 0.094658 0.194967 0.278719 0.503348 -0.022269 0.212544 0.517874 0.040287 0.172349 -0.100684 0.181178 -0.133740 1.122196 0.486102 0.216599 0.949738 -0.419926 0.213207 0.103100 -0.276738 0.153926 -0.090726 0.213320 -0.089410 0.984058 0.423381 -0.011294 0.637709 -0.261456 0.261526 -0.834593 -0.269736 0.515874 -2.192133 -0.204309 0.156444 -1.640316 0.165131 -0.549017 -0.364030 -0.177922 -0.441102 -0.263164 -0.102763 -0.029198 -0.155684 0.491044 0.349207 0.058998 -0.403806 -0.697310 1.052981 1.027390 0.131440 0.094658 0.200594 
-0.502216 0.128505 -0.044182 -0.555607 -0.017059 0.075615 -0.314726 -0.442367 -0.149313 -0.164481 0.653278 -0.006167 -0.382136 0.581990 0.006103 -0.404122 -0.873571 0.277358 -0.281327 -0.684332 -0.241172 -0.066873 1.204007 0.051208 -0.089650 0.877115 0.127127 -0.090042 -0.576217 0.288053 0.813158 -0.037436 -0.323331 1.197141 0.992409 -0.680551 -0.198009 -0.272358 0.376754 -0.058616 -0.680471 -0.170691 -0.181498 -0.834755 -1.080879 0.349962 -0.294950 1.317311 0.162916 -0.040319 0.317267 -0.561754 -0.715146 -0.337481 0.503617 0.128505 -0.023307 0.551991 -0.017059 0.098602 0.320650 -0.442367 -0.136126 0.164595 0.653278 0.000662 0.381554 0.581990 0.021953 0.392266 -0.873571 0.293886 0.291091 -0.684332 -0.229292 0.064690 1.204007 0.053939 0.084298 0.877115 0.130738 0.078012 -0.576217 0.291541 -0.799042 -0.037436 -0.356791 -1.167873 0.992409 -0.729636 0.182206 -0.272358 0.384645 0.065648 -0.680471 -0.168112 0.226188 -0.834755 -1.072417 -0.404317 -0.294950 1.301657 -0.175939 -0.040319 0.310234 0.575273 -0.715146 -0.313882 
-0.071899 -0.817560 0.125649 -0.080362 -0.873007 -0.036266 -0.180014 -0.330501 0.357113 0.159694 0.129502 0.944845 -0.166830 -0.025184 -0.855489 -0.369622 0.031527 -0.519750 -0.376397 -0.029421 0.578706 -0.028862 0.074865 0.969198 0.022207 0.127934 -1.029205 -0.090549 0.339183 -0.532396 0.815875 0.935640 -0.401147 0.818624 0.183330 -0.333963 0.493197 0.273524 -0.092444 -0.677801 0.445263 0.038273 -0.492790 0.223092 1.117580 0.286957 -0.258707 -0.572137 0.437496 -0.514446 -0.392714 -0.313642 -0.170897 -0.663279 0.066624 -0.817560 0.128524 0.081798 -0.873007 -0.032900 0.165042 -0.330501 0.364274 -0.198759 0.129502 0.937406 0.202181 -0.025184 -0.847830 0.390869 0.031527 -0.503967 0.352062 -0.029421 0.593824 -0.011375 0.074865 0.969561 0.020515 0.127934 -1.029240 0.112561 0.339183 -0.528180 -0.798529 0.935640 -0.434653 -0.804062 0.183330 -0.367641 -0.488937 0.273524 -0.112828 0.675630 0.445263 0.066363 0.445996 0.223092 1.137064 -0.262972 -0.258707 -0.583550 -0.420825 -0.514446 -0.410528 0.340892 -0.170897 -0.649695 
0.676074 -0.161761 -0.036549 0.320160 -0.141035 0.019391 -0.292689 -0.035006 -0.078613 -0.739176 -0.627563 -0.075601 0.138074 -0.085478 -0.194614 -0.103174 0.093628 -0.095036 0.302491 0.069403 -0.020845 0.617883 0.027471 0.008180 0.568354 -0.141527 -0.038833 0.538655 0.019074 -0.062000 0.609863 0.101558 0.753304 0.483237 0.049526 0.553475 0.980737 0.087467 0.246274 0.493732 0.690364 -0.235074 -1.663716 -0.272831 -0.271816 -1.680972 -0.382138 0.323704 -0.558874 0.173048 0.777761 -0.423206 0.372102 0.009316 -0.673975 -0.161761 -0.064568 -0.320689 -0.141035 0.006091 0.295699 -0.035006 -0.066401 0.741676 -0.627563 -0.044867 -0.129880 -0.085478 -0.200176 0.107029 0.093628 -0.090674 -0.301365 0.069403 -0.033378 -0.617690 0.027471 -0.017464 -0.566253 -0.141527 -0.062381 -0.535619 0.019074 -0.084296 -0.640593 0.101558 0.727351 -0.505785 0.049526 0.532949 -0.990111 0.087467 0.205370 -0.483553 0.690364 -0.255357 1.673561 -0.272831 -0.202553 1.666094 -0.382138 0.393171 0.526122 0.173048 0.800280 0.422455 0.372102 0.026867 
0.339595 0.377428 0.052647 0.035165 0.344495 0.098992 -0.003469 1.056959 0.426559 -0.404066 -0.739514 -0.075147 -0.221839 -0.421939 -0.035913 0.117496 1.050390 -0.156764 0.341553 0.985729 0.378543 0.059825 -0.751681 0.191758 0.273701 -0.768034 0.172850 0.357163 0.014604 -0.259939 -0.075446 -1.849672 -0.328989 0.557026 0.402158 -0.416734 0.503454 -0.103301 0.270103 -1.249862 -0.130682 -0.171465 0.206484 0.729141 -0.413814 0.662020 0.766583 0.434786 -0.371820 0.784219 -0.079344 -1.086153 -0.311783 -0.584156 -0.341487 0.377428 0.038511 -0.039242 0.344495 0.097448 -0.014232 1.056959 0.426335 0.406836 -0.739514 -0.058317 0.223138 -0.421939 -0.026678 -0.110891 1.050390 -0.161504 -0.356965 0.985729 0.364045 -0.067730 -0.751681 0.189110 -0.280637 -0.768034 0.161345 -0.346070 0.014604 -0.274534 0.089031 -1.849672 -0.325575 -0.539256 0.402158 -0.439486 -0.514228 -0.103301 0.248982 1.255900 -0.130682 -0.119460 -0.189137 0.729141 -0.422025 -0.679490 0.766583 0.406944 0.374792 0.784219 -0.063848 1.109454 -0.311783 -0.538587 
-0.612992 0.974352 0.103751 -0.504886 1.082577 -0.047946 0.097975 -0.677555 0.273653 0.242829 -0.230063 0.055963 -0.282548 -0.546964 -0.105525 0.269495 0.123853 -0.431647 0.209845 -0.025534 0.507339 -0.072691 -0.540608 0.122300 0.373351 -0.009744 -0.341265 0.419784 0.610232 -0.360012 0.732660 1.537430 -0.137134 -0.304539 -1.072315 0.309263 -0.621788 -0.017312 -0.303969 0.278580 0.474762 0.136853 0.805423 0.736482 -0.395581 -0.661917 0.447673 0.503232 0.099685 0.840062 0.714011 -0.496323 -1.660829 -0.185596 0.608159 0.974352 0.129095 0.506441 1.082577 -0.026957 -0.109245 -0.677555 0.269352 -0.244942 -0.230063 0.045839 0.286683 -0.546964 -0.093711 -0.251354 0.123853 -0.442457 -0.230714 -0.025534 0.498195 0.067554 -0.540608 0.125210 -0.358870 -0.009744 -0.356462 -0.404485 0.610232 -0.377119 -0.726339 1.537430 -0.167414 0.291445 -1.072315 0.321632 0.633865 -0.017312 -0.277909 -0.284019 0.474762 0.125177 -0.788316 0.736482 -0.428659 0.640467 0.447673 0.530262 -0.129225 0.840062 0.709260 0.503596 -1.660829 -0.164844 
-0.261477 0.719163 -0.054483 -0.077982 0.831257 0.111922 0.566801 0.527437 0.417936 0.362892 0.274924 0.359097 -0.044858 0.124118 -0.068261 0.015808 0.122039 -0.211736 -0.216432 -0.083288 0.305169 -0.430303 -0.528480 0.108647 -0.257571 -0.645283 0.022626 0.088155 -0.797786 -0.271290 0.768070 -1.221332 -0.772807 0.322938 0.825575 -0.514188 -0.940350 0.187230 -0.048120 0.715648 0.645121 0.164231 -0.160541 0.219651 -0.036883 -1.554136 -0.431094 0.182861 -0.274109 -0.307539 -0.958790 0.950939 0.704735 -0.281287 0.263513 0.719163 -0.043587 0.073271 0.831257 0.115062 -0.583653 0.527437 0.394059 -0.377478 0.274924 0.343731 0.047651 0.124118 -0.066341 -0.007009 0.122039 -0.212209 0.203584 -0.083288 0.313886 0.425424 -0.528480 0.126407 0.256410 -0.645283 0.033293 -0.076823 -0.797786 -0.274714 -0.735344 -1.221332 -0.804010 -0.301326 0.825575 -0.527144 0.941536 0.187230 -0.009062 -0.721846 0.645121 0.134397 0.161933 0.219651 -0.030191 1.545211 -0.431094 0.247186 0.313654 -0.307539 -0.946591 -0.938450 0.704735 -0.320500 
0.346629 -0.638279 -0.007096 -0.090610 -0.682304 -0.022261 -0.324388 0.402554 -0.354025 -0.911989 -0.024951 -0.213934 -0.217816 0.251062 0.158602 -0.048960 0.193198 0.342833 0.338775 0.077301 -0.440988 0.143913 0.185118 -0.137016 0.207533 -0.090829 0.158725 0.383611 -0.123172 0.204940 0.601416 -0.007231 0.163707 0.544350 0.546096 -0.035227 -1.152909 -1.292802 -0.209245 0.328847 -1.083899 0.170040 1.280996 0.375731 1.076609 -0.778896 -0.658533 -0.875132 -0.059104 0.819802 0.282903 -0.636122 0.106949 -0.597608 -0.346036 -0.638279 -0.021471 0.091456 -0.682304 -0.018483 0.338797 0.402554 -0.340261 0.920080 -0.024951 -0.175910 0.211047 0.251062 0.167503 0.034693 0.193198 0.344569 -0.320187 0.077301 -0.454665 -0.138104 0.185118 -0.142869 -0.213940 -0.090829 0.149978 -0.391784 -0.123172 0.188847 -0.607691 -0.007231 0.138613 -0.542419 0.546096 -0.057782 1.160598 -1.292802 -0.161230 -0.335619 -1.083899 0.156249 -1.324562 0.375731 1.022532 0.814536 -0.658533 -0.842061 0.047315 0.819802 0.285111 0.660369 0.106949 -0.570700 
0.339115 0.312431 -0.111726 0.334685 0.377558 -0.041078 0.065547 0.421641 -0.358143 1.487852 0.841448 0.315067 -0.384787 -0.650570 0.082469 -0.058059 -0.538976 0.151033 -0.276975 -0.915432 -0.288576 0.085858 -0.817845 -0.224330 -0.335367 -1.020010 0.254541 -0.004470 -0.586719 0.177064 -0.041953 0.964744 0.327121 -0.372085 -0.260242 -0.920872 0.492683 0.227847 0.077328 0.158411 -0.802127 0.025868 -0.367911 -0.117115 0.099144 -0.020068 0.288614 -0.153219 -0.184623 1.054523 0.468002 -0.689876 1.113962 -1.263957 -0.334187 0.312431 -0.125700 -0.332692 0.377558 -0.054929 -0.050630 0.421641 -0.360554 -1.499643 0.841448 0.253063 0.381034 -0.650570 0.098363 0.051742 -0.538976 0.153312 0.288709 -0.915432 -0.276835 -0.076476 -0.817845 -0.227700 0.324517 -1.020010 0.268236 -0.002881 -0.586719 0.177097 0.028344 0.964744 0.328580 0.409973 -0.260242 -0.904641 -0.495468 0.227847 0.056820 -0.159348 -0.802127 0.019273 0.363480 -0.117115 0.114323 0.026407 0.288614 -0.152254 0.165046 1.054523 0.475259 0.741724 1.113962 -1.234245 
0.725413 0.404919 0.081604 0.957283 0.393904 0.233282 -0.100802 -0.393975 -0.005285 -0.574015 -0.684002 -0.224025 0.661287 0.183842 0.213693 -0.050096 0.311264 0.011422 -0.454374 0.071528 0.122422 -0.413168 -0.098669 0.059295 -0.287039 0.214889 -0.058587 -0.273685 0.652093 -0.008796 -0.818360 0.113162 -0.045381 0.274206 -0.239121 -0.923938 -0.976787 -1.251181 -0.171513 0.948206 0.923751 0.177989 -1.185970 -0.170728 -0.034587 0.479272 0.306133 -0.050718 1.091868 0.538438 -0.063506 -0.172296 -0.650557 -0.743547 -0.728174 0.404919 0.051436 -0.966138 0.393904 0.193363 0.100934 -0.393975 -0.001098 0.582815 -0.684002 -0.200016 -0.669583 0.183842 0.186072 0.049579 0.311264 0.013491 0.448904 0.071528 0.141169 0.410352 -0.098669 0.076386 0.289223 0.214889 -0.046627 0.273815 0.652093 0.002567 0.819538 0.113162 -0.011387 -0.235635 -0.239121 -0.934519 0.983062 -1.251181 -0.130837 -0.954775 0.923751 0.138494 1.186384 -0.170728 0.014649 -0.476755 0.306133 -0.070560 -1.088292 0.538438 -0.108754 0.202998 -0.650557 -0.735758 
0.797456 0.495249 0.108626 0.665851 0.527275 0.098255 -0.275851 0.280554 0.033536 -1.320242 -0.254923 0.099918 -0.061026 0.188442 0.090423 -0.435247 -0.913508 0.159853 -0.243429 -0.761510 -0.055975 -0.150618 -0.080022 0.104324 0.040682 -0.102148 0.060940 -0.064118 -0.529937 -0.055591 1.428548 0.039749 -1.123956 -1.602915 0.034831 0.870521 0.199913 0.430789 -0.167862 -0.070283 -0.319849 0.162648 -0.057963 -0.032278 -0.098400 0.566317 0.239762 0.036079 0.624989 0.089592 -0.244281 -0.317752 0.525214 -0.186592 -0.801276 0.495249 0.075445 -0.669355 0.527275 0.070544 0.274222 0.280554 0.044953 1.314960 -0.254923 0.154610 0.057222 0.188442 0.092877 0.428240 -0.913508 0.177774 0.245542 -0.761510 -0.045827 0.146160 -0.080022 0.110483 -0.043176 -0.102148 0.059200 0.066369 -0.529937 -0.052883 -1.380684 0.039749 -1.182260 1.565416 0.034831 0.936278 -0.192776 0.430789 -0.176012 0.063474 -0.319849 0.165424 0.061996 -0.032278 -0.095910 -0.567327 0.239762 0.012551 -0.614315 0.089592 -0.270002 0.325220 0.525214 -0.173248 
-0.181267 0.481844 -0.127513 -0.214087 0.591579 0.117552 -0.511746 -0.436251 0.253427 -0.883339 -0.330326 0.100127 1.479584 0.844616 -0.136167 -0.173598 -0.533812 -0.283315 -0.426351 -0.710054 0.398486 -0.193982 -0.693902 0.131834 0.368590 -0.315839 -0.278380 -0.251345 -0.992292 -0.378137 -0.018011 0.459025 0.721546 0.884473 -0.230381 -0.238751 -0.332361 0.436406 -0.155635 0.155523 -0.317530 0.054344 0.453795 0.252506 0.142168 0.756708 1.013641 -0.023537 -1.246737 0.127040 0.412204 0.317227 1.181136 0.229426 0.186402 0.481844 -0.119882 0.209025 0.591579 0.126333 0.500790 -0.436251 0.274441 0.878424 -0.330326 0.136691 -1.472660 0.844616 -0.197439 0.185204 -0.533812 -0.275868 0.409450 -0.710054 0.415833 0.188345 -0.693902 0.139769 -0.356722 -0.315839 -0.293433 0.266818 -0.992292 -0.367383 -0.011942 0.459025 0.721672 -0.873805 -0.230381 -0.275243 0.338532 0.436406 -0.141711 -0.157644 -0.317530 0.047844 -0.459303 0.252506 0.123217 -0.755080 1.013641 -0.054914 1.228560 0.127040 0.463578 -0.326473 1.181136 0.216067 
-0.424292 0.698437 -0.072740 -0.625557 0.595071 -0.153275 0.128124 0.144916 -0.305169 -0.274668 -0.023311 0.182095 -1.292755 -1.037380 -0.158731 0.173261 -0.053899 0.162465 0.678900 0.307086 -0.243895 0.771078 0.375063 0.101809 0.129425 -0.111283 -0.152904 0.356814 -0.000227 0.316680 0.425560 -0.498974 0.191024 0.093983 -0.140180 0.153480 -0.941579 -0.219373 -0.345392 0.533242 0.863120 0.206748 -0.870350 0.054806 0.352812 1.480282 0.238777 -0.326939 -0.511048 -1.130665 0.699068 0.281960 0.810245 -0.326664 0.426945 0.698437 -0.055074 0.631378 0.595071 -0.127189 -0.115352 0.144916 -0.310222 0.266876 -0.023311 0.193335 1.298227 -1.037380 -0.104957 -0.179852 -0.053899 0.155137 -0.668196 0.307086 -0.271854 -0.774638 0.375063 0.069728 -0.122969 -0.111283 -0.158142 -0.369646 -0.000227 0.301603 -0.433119 -0.498974 0.173203 -0.100270 -0.140180 0.149448 0.955099 -0.219373 -0.306028 -0.541360 0.863120 0.184445 0.854962 0.054806 0.388620 -1.465443 0.238777 -0.388076 0.481603 -1.130665 0.719670 -0.268164 0.810245 -0.338081 
-1.558691 -0.604958 0.118466 -1.484984 -0.398090 -0.152849 0.003694 0.711648 0.155782 0.058550 -0.119803 -0.045469 1.654938 0.720122 0.225842 0.497789 0.044563 0.212036 0.249179 -0.292443 0.062022 0.879071 -0.314329 -0.248287 0.245438 -0.517206 0.301584 0.261044 0.246332 0.084775 0.120911 -0.008630 -0.520165 -0.687913 0.046526 0.114643 0.093881 -0.604116 0.016113 0.160846 0.066170 0.021737 -0.858370 0.042826 0.022136 0.148280 -0.136752 -0.069750 0.578128 0.250640 -0.226161 -0.505010 0.289443 -0.509168 1.552433 -0.604958 0.183035 1.490047 -0.398090 -0.091104 -0.010154 0.711648 0.155495 -0.056613 -0.119803 -0.047859 -1.662884 0.720122 0.156983 -0.506158 0.044563 0.191200 -0.251538 -0.292443 0.051629 -0.868013 -0.314329 -0.284546 -0.257740 -0.517206 0.291141 -0.264336 0.246332 0.073871 -0.099225 -0.008630 -0.524734 0.682564 0.046526 0.143087 -0.094469 -0.604116 0.012204 -0.161609 0.066170 0.015045 0.856713 0.042826 0.057732 -0.145258 -0.136752 -0.075842 -0.568247 0.250640 -0.249953 0.525701 0.289443 -0.487776 
-0.403778 0.654419 -0.077658 -0.084648 0.563823 0.006172 0.641380 0.255299 -0.189406 -1.282318 -0.631237 0.242594 0.328324 -0.084039 -0.085912 0.872084 -0.301818 0.274643 0.495105 -0.262918 -0.366705 -0.330346 0.487986 0.374060 -0.807558 0.074774 -0.181417 0.143480 0.044997 0.279859 -0.457423 0.131647 0.570726 -0.138938 -0.391701 -0.829263 0.595627 1.092944 0.051787 -0.651250 0.346342 -0.032735 0.772271 0.054877 -0.011997 -0.597239 -0.860879 0.072315 0.847360 -1.122618 0.485625 0.111567 0.404452 -0.920301 0.406653 0.654419 -0.060838 0.084319 0.563823 0.009679 -0.632969 0.255299 -0.215854 1.271148 -0.631237 0.295590 -0.324477 -0.084039 -0.099460 -0.882729 -0.301818 0.238223 -0.479464 -0.262918 -0.386932 0.314542 0.487986 0.387444 0.814390 0.074774 -0.147754 -0.154968 0.044997 0.273665 0.433350 0.131647 0.589213 0.173225 -0.391701 -0.822784 -0.597263 1.092944 0.027030 0.652047 0.346342 -0.005686 -0.771108 0.054877 -0.044029 0.593724 -0.860879 0.097033 -0.866779 -1.122618 0.450049 -0.073287 0.404452 -0.924137 
0.057173 0.642867 0.265456 -0.260337 0.687047 -0.132886 -0.561948 0.383946 0.053550 0.059974 -0.455170 0.067991 -0.260437 -0.950347 0.057960 -1.050607 -1.274317 0.025935 -0.304662 -0.775997 0.126938 1.118129 0.054197 0.170998 1.301153 0.488932 -0.268381 -0.047012 0.529251 0.025390 -0.914915 0.047770 0.066860 -0.054893 0.339273 -0.497598 0.206122 -1.144575 0.084658 -0.393460 0.695094 -0.043164 0.651046 0.650473 -0.108666 -0.420163 -0.519156 0.170043 0.591844 -0.032369 -0.554263 0.000960 1.068868 0.425835 -0.068137 0.642867 0.262855 0.265627 0.687047 -0.121970 0.559242 0.383946 0.076819 -0.062743 -0.455170 0.065444 0.257808 -0.950347 0.068716 1.048626 -1.274317 0.069504 0.299133 -0.775997 0.139469 -1.124261 0.054197 0.124458 -1.288897 0.488932 -0.322136 0.045918 0.529251 0.027319 0.911353 0.047770 0.104763 0.075491 0.339273 -0.494892 -0.209457 -1.144575 0.076033 0.394912 0.695094 -0.026802 -0.645977 0.650473 -0.135585 0.412746 -0.519156 0.187329 -0.568338 -0.032369 -0.578342 -0.018628 1.068868 0.425429 
-0.103368 0.318715 0.097868 0.175382 0.437579 -0.146279 0.251857 -0.059140 -0.329116 0.078593 0.461506 0.284087 0.323091 0.621460 -0.074147 0.018382 -0.099505 0.289541 -0.335103 -0.321657 -0.328383 -0.782170 0.013658 0.179872 -0.522138 0.005002 -0.033701 0.382472 0.523582 -0.006221 0.601182 -0.029842 0.121629 -0.646436 0.469184 -0.108520 0.916978 -2.646065 0.343155 -0.605436 1.086471 -0.243245 0.097155 0.663638 0.010037 0.323156 -0.570801 -0.195118 -1.212451 0.076951 0.434247 0.714825 -0.495048 -0.035489 0.099219 0.318715 0.102072 -0.169162 0.437579 -0.153429 -0.237985 -0.059140 -0.339283 -0.090312 0.461506 0.280582 -0.319737 0.621460 -0.087489 -0.030379 -0.099505 0.288529 0.348439 -0.321657 -0.314197 0.774033 0.013658 0.212170 0.523087 0.005002 -0.012008 -0.381884 0.523582 -0.022085 -0.605711 -0.029842 0.096581 0.650382 0.469184 -0.081605 -0.930426 -2.646065 0.304814 0.615007 1.086471 -0.217915 -0.097488 0.663638 0.005997 -0.314782 -0.570801 -0.208358 1.193390 0.076951 0.484179 -0.712737 -0.495048 -0.065117 
-0.353104 -0.419814 0.236310 -0.296995 -0.409953 0.045328 0.383009 -0.007017 -0.216437 -0.207264 0.025612 0.013099 -0.404647 -0.208158 0.058068 0.377293 -0.141657 0.342608 0.300913 -0.261046 -0.135774 -1.869471 -1.021584 0.214079 1.997174 1.390699 -0.505671 0.564992 0.140569 0.184663 -0.218160 -0.364587 0.152244 -0.363144 0.032913 -0.183869 0.115150 0.269624 0.011148 0.141663 -0.572608 0.045245 -0.474041 -0.396949 -0.025155 0.086771 0.107454 0.019225 -0.035455 0.614041 -0.175954 0.469054 0.272676 -0.426763 0.342995 -0.419814 0.250757 0.294858 -0.409953 0.057612 -0.373700 -0.007017 -0.232142 0.206542 0.025612 0.021687 0.401889 -0.208158 0.074807 -0.391183 -0.141657 0.326659 -0.295020 -0.261046 -0.148142 1.858979 -1.021584 0.291460 -1.974474 1.390699 -0.588100 -0.572167 0.140569 0.161062 0.211656 -0.364587 0.161164 0.370460 0.032913 -0.168644 -0.115513 0.269624 0.006361 -0.143419 -0.572608 0.039328 0.474677 -0.396949 -0.005465 -0.087494 0.107454 0.015609 0.042725 0.614041 -0.174332 -0.450943 0.272676 -0.445857 
-0.112291 0.187107 0.001788 0.555117 0.403947 -0.178754 0.060077 1.227001 -0.269524 0.815940 0.182274 -0.174522 0.700830 0.100327 0.005117 -0.225716 -0.378309 0.093361 -0.704041 -0.351408 -0.286955 -0.820533 -0.787828 -0.157095 0.422199 0.229499 0.160244 -0.212017 0.928707 0.348101 -0.038856 -0.559216 -0.480742 0.882905 -0.131213 0.987518 -0.364059 0.550269 -0.101772 -0.008705 0.913521 -0.009440 0.338892 -0.281908 0.180665 0.073042 -0.811884 -0.161699 -0.000985 -1.416447 0.877046 -1.250475 0.069436 -0.010226 0.112120 0.187107 0.006446 -0.547222 0.403947 -0.201632 -0.048843 1.227001 -0.271784 -0.807997 0.182274 -0.208226 -0.700439 0.100327 -0.023966 0.221648 -0.378309 0.102646 0.715341 -0.351408 -0.257496 0.826344 -0.787828 -0.122915 -0.428484 0.229499 0.142588 0.197391 0.928707 0.356598 0.058768 -0.559216 -0.478716 -0.923118 -0.131213 0.950035 0.367968 0.550269 -0.086579 0.009089 0.913521 -0.009071 -0.346096 -0.281908 0.166449 -0.066270 -0.811884 -0.164590 -0.035405 -1.416447 0.876331 1.249823 0.069436 0.041666 
-0.123562 -0.487409 -0.272853 0.068546 -0.473654 0.205399 0.802102 0.771442 0.640232 0.250618 -0.813550 -0.640727 0.166575 0.089171 0.080177 -1.225040 0.262776 -0.241882 -1.177561 0.549394 0.246794 0.495907 0.702072 -0.342580 0.635798 0.640748 0.326604 -0.181076 -0.041692 -0.028769 0.860637 -0.444155 0.855117 -0.944563 -0.429280 -0.752789 -0.131847 0.636880 0.006253 0.064780 0.190314 -0.004255 0.311556 -0.205112 0.065134 0.182848 -0.286865 -0.089954 -0.314861 -0.279304 0.493097 0.504994 -0.660237 -0.773743 0.134777 -0.487409 -0.267491 -0.077009 -0.473654 0.202378 -0.827975 0.771442 0.606401 -0.223818 -0.813550 -0.650574 -0.169758 0.089171 0.073196 1.234021 0.262776 -0.190846 1.166307 0.549394 0.295440 -0.481266 0.702072 -0.362861 -0.648802 0.640748 0.299943 0.182113 -0.041692 -0.021231 -0.895375 -0.444155 0.818672 0.974983 -0.429280 -0.712950 0.131474 0.636880 0.011718 -0.064548 0.190314 -0.006939 -0.313990 -0.205112 0.052151 -0.178958 -0.286865 -0.097463 0.294131 -0.279304 0.505736 -0.472456 -0.660237 -0.794030 
-0.219037 -0.285102 0.036384 0.101269 -0.325726 -0.162458 1.673538 0.764581 0.667674 -0.495287 -0.170508 -0.252297 -0.267053 -0.425308 0.304094 -0.412719 -1.607027 -0.514510 0.174247 -1.049619 0.286902 -0.062146 0.683030 -0.094276 -0.793374 0.310085 0.266897 0.799283 0.854665 -0.741091 -0.807531 0.190606 -0.459445 0.648026 -0.002987 0.624582 0.054751 -0.068159 -0.012174 0.130328 -0.382896 0.002932 -0.237726 -0.149056 0.181377 0.059062 0.455092 -0.129686 -0.539793 0.849126 0.041967 0.117168 0.037436 -0.195810 0.217339 -0.285102 0.045441 -0.094441 -0.325726 -0.166520 -1.699799 0.764581 0.597663 0.505328 -0.170508 -0.231530 0.254206 -0.425308 0.314913 0.433711 -1.607027 -0.496943 -0.186001 -1.049619 0.279425 0.066004 0.683030 -0.091617 0.781617 0.310085 0.299585 -0.767846 0.854665 -0.773616 0.825898 0.190606 -0.425544 -0.673383 -0.002987 0.597157 -0.054199 -0.068159 -0.014436 -0.130337 -0.382896 -0.002478 0.229996 -0.149056 0.191084 -0.053630 0.455092 -0.132025 0.537587 0.849126 0.064328 -0.108943 0.037436 -0.200503 
0.105116 -0.157336 -0.316970 -0.064624 -0.317990 0.287519 -0.096544 0.117160 0.778497 0.239893 0.205080 -0.713189 -0.352700 -0.096200 0.423651 0.790606 -0.154660 -1.063389 0.678790 -0.109703 0.635739 -0.878753 0.406869 -0.588238 0.102932 0.833161 0.660613 -0.207551 -1.577664 -0.540751 0.261224 0.574351 0.314234 -0.222871 0.164327 -0.255715 0.148455 -1.073345 -0.000382 -0.173580 0.983921 -0.001572 0.010127 0.240831 0.171686 0.069000 -0.033710 -0.072674 0.456841 -0.854750 0.097954 -0.923726 0.943162 0.277685 -0.091874 -0.157336 -0.321059 0.052639 -0.317990 0.289953 0.064160 0.117160 0.781833 -0.210096 0.205080 -0.722528 0.334819 -0.096200 0.437920 -0.745804 -0.154660 -1.095277 -0.704583 -0.109703 0.607028 0.902403 0.406869 -0.551271 -0.130253 0.833161 0.655774 0.229809 -1.577664 -0.531674 -0.274037 0.574351 0.303125 0.233289 0.164327 -0.246247 -0.148312 -1.073345 -0.006541 0.173496 0.983921 0.005631 -0.017242 0.240831 0.171118 -0.065925 -0.033710 -0.075474 -0.460511 -0.854750 0.078915 0.911409 0.943162 0.315772 
0.161102 0.138890 -0.177122 -0.302469 0.270939 -0.166001 0.609805 1.517740 0.002369 -0.243547 0.432655 0.313393 -0.117254 0.606649 -0.670180 -0.446563 -0.414987 0.035342 -0.157910 -0.223526 -0.588830 -0.349486 -0.300432 0.179091 -0.057826 -0.614372 0.052086 1.025853 -0.524987 0.339671 0.226258 0.230206 1.037699 -0.083160 -0.252027 -0.636938 -0.179401 0.031067 -0.100568 0.185259 -0.217137 0.081153 -0.496763 0.528512 0.158779 0.081698 0.662051 -0.164225 0.622785 -0.401647 -0.573385 -0.737216 -1.164329 1.497036 -0.153614 0.138890 -0.183654 0.309096 0.270939 -0.153308 -0.609378 1.517740 -0.022934 0.230335 0.432655 0.323228 0.144959 0.606649 -0.664738 0.444712 -0.414987 0.053840 0.182205 -0.223526 -0.581772 0.341754 -0.300432 0.193437 0.055615 -0.614372 0.054440 -1.039063 -0.524987 0.296815 -0.269119 0.230206 1.027418 0.109515 -0.252027 -0.632939 0.183419 0.031067 -0.093038 -0.188467 -0.217137 0.073396 0.489748 0.528512 0.179253 -0.074814 0.662051 -0.167473 -0.598458 -0.401647 -0.598731 0.674468 -1.164329 1.526334 
-0.330441 0.299026 -0.461856 0.184999 0.204309 -0.018938 1.161562 0.919255 0.030932 -0.031009 -1.008023 0.191666 0.190833 -0.570405 -0.447025 0.109668 0.014254 0.265875 0.164246 0.701126 -0.435124 0.110375 0.325259 0.349660 0.387754 0.341185 -0.406758 -1.752120 -1.753543 0.912922 -0.246614 1.025141 -0.552972 0.285569 0.191902 0.430083 0.250807 -0.705337 0.006580 0.021569 0.016981 0.030966 -0.175333 0.022236 0.099716 -0.151376 0.160491 -0.105200 -0.342255 0.711602 -0.034930 -0.109127 -0.455111 0.098612 0.349319 0.299026 -0.447748 -0.184054 0.204309 -0.026598 -1.161846 0.919255 -0.017289 0.023030 -1.008023 0.192788 -0.172121 -0.570405 -0.454557 -0.120605 0.014254 0.261096 -0.146051 0.701126 -0.441564 -0.124788 0.325259 0.344780 -0.370544 0.341185 -0.422496 1.712733 -1.753543 0.984833 0.269345 1.025141 -0.542264 -0.303168 0.191902 0.417864 -0.250864 -0.705337 -0.003832 -0.022835 0.016981 0.030044 0.171045 0.022236 0.106905 0.155611 0.160491 -0.098828 0.343409 0.711602 -0.020700 0.104941 -0.455111 0.103054 
-0.268725 -0.013768 0.273247 0.333609 0.036218 0.028076 0.194734 0.347424 0.048324 -0.248257 -0.343802 -0.280138 -0.626978 -0.360473 -0.100868 1.975435 1.136016 0.199859 -2.028058 -1.636455 0.162594 0.653175 0.282815 -0.138595 0.043799 0.469028 -0.379781 0.052481 0.037902 -0.096228 0.133054 -0.155807 0.141371 0.102466 0.141871 0.073826 0.041347 -0.111426 -0.021249 0.061985 -0.478481 0.028419 -0.115824 0.370424 0.030738 0.038583 -0.045826 -0.006390 -0.126730 0.078623 -0.167176 -0.226208 0.132748 0.413009 0.257157 -0.013768 0.284162 -0.334486 0.036218 0.014210 -0.196572 0.347424 0.040202 0.259666 -0.343802 -0.269596 0.630623 -0.360473 -0.074767 -1.982027 1.136016 0.117724 2.019566 -1.636455 0.246600 -0.646862 0.282815 -0.165577 -0.028004 0.469028 -0.381271 -0.048443 0.037902 -0.098323 -0.138805 -0.155807 0.135728 -0.105441 0.141871 0.069511 -0.040430 -0.111426 -0.022946 -0.063110 -0.478481 0.025823 0.114449 0.370424 0.035517 -0.038284 -0.045826 -0.007985 0.133557 0.078623 -0.161774 0.208877 0.132748 0.422039 
0.180424 -0.005611 0.259550 -0.106729 -0.041213 -0.011248 -0.200183 0.799613 0.060286 -0.598928 0.768274 0.321947 -0.382221 0.383771 -0.054274 0.369299 0.069086 -0.261418 0.097077 -0.447032 0.087193 0.376614 -0.541418 -0.354696 0.299787 -0.522772 0.264328 -0.062447 -0.474833 -0.048395 -0.206036 0.403817 0.115992 0.061423 -0.147728 -0.113496 -0.241202 0.600150 -0.016262 -0.450974 1.943754 0.008484 0.353239 -2.312986 0.148482 0.495879 -1.426852 -0.075147 -0.265792 1.589955 -0.259166 0.231587 -0.682965 0.151209 -0.191037 -0.005611 0.251841 0.107103 -0.041213 -0.006810 0.197509 0.799613 0.068540 0.585055 0.768274 0.346520 0.384144 0.383771 -0.038369 -0.358135 0.069086 -0.276515 -0.100611 -0.447032 0.083090 -0.361573 -0.541418 -0.370017 -0.310496 -0.522772 0.251662 0.064401 -0.474833 -0.045762 0.201045 0.403817 0.124441 -0.056661 -0.147728 -0.115947 0.241669 0.600150 -0.006240 0.450234 1.943754 0.027188 -0.359096 -2.312986 0.133698 -0.492334 -1.426852 -0.095657 0.276316 1.589955 -0.247915 -0.237662 -0.682965 0.141470 
-0.179052 -0.032881 -0.396795 -0.197865 0.189401 0.577092 0.049456 -0.921606 -0.152784 0.660932 -1.523467 0.188024 0.636371 -1.001836 -0.416196 0.026299 -0.116039 -0.272057 -0.128581 0.254994 -0.316631 -0.408953 0.736268 0.278671 -0.776636 0.676331 -0.191023 0.776791 0.508213 0.646000 0.669663 -0.655857 0.199428 -0.244794 0.021510 -0.127066 -0.218254 0.109398 -0.117241 -0.078237 0.518807 0.077237 0.319708 -1.232113 0.125428 0.107644 -0.009492 -0.068192 -0.178366 1.378208 -0.472840 -0.834002 1.205802 0.656191 0.195361 -0.032881 -0.389024 0.173750 0.189401 0.584804 -0.043074 -0.921606 -0.154704 -0.668164 -1.523467 0.160440 -0.618555 -1.001836 -0.442241 -0.014989 -0.116039 -0.272914 0.141607 0.254994 -0.311024 0.397039 0.736268 0.295398 0.783893 0.676331 -0.158636 -0.802926 0.508213 0.613214 -0.677361 -0.655857 0.171471 0.249855 0.021510 -0.116800 0.222930 0.109398 -0.108085 0.074965 0.518807 0.080417 -0.324637 -1.232113 0.112055 -0.104722 -0.009492 -0.072599 0.197831 1.378208 -0.465032 0.806058 1.205802 0.690229 
-0.299733 -0.203985 0.393673 0.424437 0.289910 -0.016259 -0.518185 0.827136 0.501151 0.053479 0.212473 -0.177422 -0.001796 -0.159708 -0.050811 0.623436 -1.277602 -0.128713 1.067315 -0.456459 -0.060659 0.125636 -0.423896 -0.267821 -0.394442 0.484047 -0.467708 -1.772708 1.652665 0.027847 1.012360 -0.955245 0.807704 -0.041300 0.030581 -0.439072 0.014242 0.117147 0.024554 0.138048 -0.356481 0.031420 -0.180731 0.044828 0.107803 -0.119296 0.375264 -0.171333 -0.181605 0.413698 -0.221148 0.031075 -0.455060 0.238722 0.283141 -0.203985 0.405770 -0.423397 0.289910 -0.033856 0.496945 0.827136 0.522219 -0.046072 0.212473 -0.179488 0.003903 -0.159708 -0.050692 -0.617559 -1.277602 -0.154469 -1.063879 -0.456459 -0.104891 -0.114416 -0.423896 -0.272803 0.413508 0.484047 -0.450939 1.770026 1.652665 0.101374 -1.045001 -0.955245 0.765005 0.059482 0.030581 -0.436980 -0.015248 0.117147 0.023942 -0.139233 -0.356481 0.025666 0.176103 0.044828 0.115209 0.126302 0.375264 -0.166236 0.190625 0.413698 -0.213422 -0.040954 -0.455060 0.237227 
-1.488468 -0.723116 0.348785 1.431847 0.568183 0.934600 0.435497 -0.751053 0.063275 0.002194 -0.098844 -0.966424 -0.782395 1.363092 -0.876290 -0.274761 -0.243824 0.806677 0.295361 0.269695 0.083790 0.341054 -0.385449 -0.022089 0.239039 -0.826281 -0.163587 0.238408 -0.063131 -0.197953 -0.075189 0.189446 -0.039698 -0.007982 -0.003013 -0.084548 0.034486 -0.313752 0.054151 -0.181846 0.401472 -0.068750 0.228021 -0.585592 0.038675 -0.132315 0.582081 -0.045060 0.145617 -0.170962 -0.069902 -0.356568 0.616892 0.043045 1.472715 -0.723116 0.410242 -1.469392 0.568183 0.874387 -0.437748 -0.751053 0.045151 0.037906 -0.098844 -0.965683 0.818079 1.363092 -0.843073 0.241055 -0.243824 0.817382 -0.298583 0.269695 0.071463 -0.339844 -0.385449 -0.036221 -0.232045 -0.826281 -0.173365 -0.229990 -0.063131 -0.207674 0.076772 0.189446 -0.036545 0.011483 -0.003013 -0.084144 -0.036703 -0.313752 0.052674 0.184542 0.401472 -0.061146 -0.229430 -0.585592 0.029180 0.134070 0.582081 -0.039532 -0.142591 -0.170962 -0.075883 0.354475 0.616892 0.057802 
0.020800 0.009700 0.007200 0.005700 0.004700 0.003300 0.002100 0.001600 0.001000 0.000900 0.000800 0.000800 0.000700 0.000600 0.000500 0.000500 0.000400 0.000400 0.000400 0.000300 0.000300 0.000300 0.000300 0.000300 0.000200 0.000200 0.000200 0.000200 0.000200 0.000200 0.000200 0.000100 0.000100 0.000100 0.000100 0.000100 0.000100 0.000100 0.000100 0.000100 0.000100 0.000100 
0.972136

0.000177

0.234419

-0.000182

1.000000

0.000000

-0.234419

-0.000043

0.972136
2.764610
0.274628
1.127990
