1 14 14
2.982994 0.760400 8.281326
1.520800 1.636200 3.860000
721.530000 0.000000 609.550000 0.000000 721.530000 172.850000 0.000000 0.000000 1.000000 
822.876976 262.330356 
881.693302 294.893758 
881.693302 296.146196 
822.876976 262.330356 
929.198797 262.330356 
1060.404447 262.330356 
929.198797 262.330356 
1060.404447 262.330356 
838.712141 226.009638 
1062.666614 262.330356 
872.644637 195.951113 
1015.161120 197.203551 
922.412298 200.960867 
1021.947619 200.960867 
0.1777
0.0200
0.1994
0.0069
0.0124
0.0052
0.3456
0.3028
0.3188
0.1262
0.2462
0.0112
0.3668
0.2975
1.9911 1.2616 9.6049
4.2282 1.2617 9.5765
2.0320 1.1828 7.1156
4.0884 1.1723 7.0926
2.3072 0.8390 10.3013
3.9435 0.8393 10.2913
2.3032 0.6866 6.4446
3.8056 0.6825 6.4252
1.9144 0.4816 8.8722
4.2538 0.4799 8.8409
2.3340 0.1073 8.6123
3.8153 0.1076 8.5891
2.3652 0.0931 7.3914
3.7426 0.0924 7.3582
0.059037 -0.029223 -0.076953 0.059037 -0.029223 -0.076953 0.059037 -0.029223 -0.076953 0.059037 -0.029223 -0.076953 0.059037 -0.029223 -0.076953 0.059037 -0.029223 -0.076953 0.059037 -0.029223 -0.076953 0.059037 -0.029223 -0.076953 0.059037 -0.029223 -0.076953 0.059037 -0.029223 -0.076953 0.059037 -0.029223 -0.076953 0.059037 -0.029223 -0.076953 0.059037 -0.029223 -0.076953 0.059037 -0.029223 -0.076953 
0.040068 -0.007266 0.021684 0.040068 -0.007266 0.021684 0.040068 -0.007266 0.021684 0.040068 -0.007266 0.021684 0.040068 -0.007266 0.021684 0.040068 -0.007266 0.021684 0.040068 -0.007266 0.021684 0.040068 -0.007266 0.021684 0.040068 -0.007266 0.021684 0.040068 -0.007266 0.021684 0.040068 -0.007266 0.021684 0.040068 -0.007266 0.021684 0.040068 -0.007266 0.021684 0.040068 -0.007266 0.021684 
-0.058841 -0.033075 -0.023146 -0.058841 -0.033075 -0.023146 -0.058841 -0.033075 -0.023146 -0.058841 -0.033075 -0.023146 -0.058841 -0.033075 -0.023146 -0.058841 -0.033075 -0.023146 -0.058841 -0.033075 -0.023146 -0.058841 -0.033075 -0.023146 -0.058841 -0.033075 -0.023146 -0.058841 -0.033075 -0.023146 -0.058841 -0.033075 -0.023146 -0.058841 -0.033075 -0.023146 -0.058841 -0.033075 -0.023146 -0.058841 -0.033075 -0.023146 
-0.122165 0.073918 -0.004912 -0.122165 0.073918 -0.004912 -0.122165 0.073918 -0.004912 -0.122165 0.073918 -0.004912 -0.122165 0.073918 -0.004912 -0.122165 0.073918 -0.004912 -0.122165 0.073918 -0.004912 -0.122165 0.073918 -0.004912 -0.122165 0.073918 -0.004912 -0.122165 0.073918 -0.004912 -0.122165 0.073918 -0.004912 -0.122165 0.073918 -0.004912 -0.122165 0.073918 -0.004912 -0.122165 0.073918 -0.004912 
-0.040889 0.019782 0.126301 -0.040889 0.019782 0.126301 -0.040889 0.019782 0.126301 -0.040889 0.019782 0.126301 -0.040889 0.019782 0.126301 -0.040889 0.019782 0.126301 -0.040889 0.019782 0.126301 -0.040889 0.019782 0.126301 -0.040889 0.019782 0.126301 -0.040889 0.019782 0.126301 -0.040889 0.019782 0.126301 -0.040889 0.019782 0.126301 -0.040889 0.019782 0.126301 -0.040889 0.019782 0.126301 
0.250000 0.270000 0.010000 -0.080000 -0.050000