-0.757195 0.907074 41.278903
0.695384 0.829943 37.978697
0.678520 0.925993 37.461628
-0.838902 0.879504 43.521264
-0.334908 1.173914 43.619108
-0.864027 0.963324 42.904172
0.061977 0.862421 37.480264
-0.887801 1.003306 41.676739
0.499136 0.902638 35.115578
-0.866789 0.962970 40.714800
-0.835039 1.021653 39.867239
0.562161 1.003659 34.627056
-0.665390 1.195278 38.757550
0.537673 1.040502 32.009522
-0.870948 1.085266 37.876283
-0.903554 1.044188 38.198353
-0.872284 0.969820 38.831806
-0.908096 1.031218 39.676039
-0.950923 0.950670 40.079233
-0.998292 0.926031 40.754678
-0.101594 1.025701 37.597900
0.504420 0.925832 33.246678
0.451511 0.741339 33.864642
-1.052644 0.771032 40.183919
-1.066016 0.746930 40.044589
-0.699840 0.770382 38.677756
0.500893 0.811253 33.135564
0.486818 0.950755 31.710067
0.490393 0.893544 32.451831
-1.042743 0.729844 38.267472
0.409466 0.749745 31.457747
0.495617 0.896860 30.614000
-0.254618 0.790887 31.601667
-1.207263 0.945525 37.071856
-1.244191 0.962949 36.910992
0.410869 0.775431 30.110103
-1.299893 0.961006 36.561964
0.373236 0.805975 29.464892
0.326018 0.909368 28.535456
0.457429 0.987784 31.305403
0.276471 0.874558 28.078350
0.232973 0.975773 27.469072
0.383622 1.122408 32.341486
0.142865 0.848363 27.079561
0.156935 0.905241 26.433283
0.128078 0.862530 26.764853
0.136743 0.913707 26.098503
0.066988 0.937671 27.120281
0.066613 0.927280 25.778253
0.052052 0.904191 25.756317
0.063701 0.996276 25.106172
0.071048 0.908177 26.130483
0.029267 0.961595 25.055714
-1.280466 1.355130 31.772111
0.026476 0.967849 25.051836
-2.022888 1.595434 31.848122
-0.004489 0.914561 24.941808
-0.001099 0.974174 24.664583
-1.577810 1.187183 31.254150
-1.529322 1.199203 31.432525
-0.205607 0.989219 24.347961
-1.485498 1.266973 31.755569
-1.531804 1.118220 31.782078
0.001757 0.944105 24.805944
0.015218 0.986827 24.724936
-0.004494 0.987440 24.279361
-0.093220 0.949857 24.137356
-1.627636 1.187685 30.828122
0.083272 0.982631 25.108464
0.075674 0.986992 24.503839
0.064374 0.945589 23.449914
-1.547180 1.220787 29.972453
0.075103 1.035601 23.496489
0.108677 1.016498 23.580664
0.104808 1.006864 23.596375
-0.021194 1.039042 24.332250
0.155758 1.024666 24.154525
-0.691259 1.232699 27.828789
0.209007 1.043984 23.963003
0.209311 1.062060 23.466075
0.176348 1.054654 21.893583
0.221058 1.046114 22.482294
0.210517 1.027607 21.567206
0.217231 1.021201 21.363686
0.261264 1.009996 21.429319
0.265549 1.027788 21.149583
-0.309143 1.527971 28.182497
0.279219 0.968842 21.202642
0.278747 1.035095 21.234747
0.255218 1.038319 21.270806
-0.563163 1.523765 28.014978
0.250981 1.080822 21.354181
-0.877790 1.533332 28.228089
0.261945 1.179113 21.562478
0.257393 1.187521 22.075986
0.235194 1.163904 22.073472
0.232707 1.110513 22.212764
0.237464 1.118752 22.923003
0.241967 1.030967 23.559625
0.113204 1.006935 21.845181
0.229336 1.011543 22.833822
-0.226018 1.449382 30.345800
0.452642 1.294610 29.363664
0.229937 1.040165 24.079000
-1.050958 1.331988 31.629125
-0.202971 0.943650 25.583817
-1.362417 1.165100 32.588175
0.241988 1.000541 25.446128
0.266895 0.981076 25.792953
0.270781 0.990559 26.026775
0.178479 1.380654 32.626350
-1.250499 1.184805 32.348958
0.187965 0.965459 25.552736
-1.369557 1.143535 31.864953
0.187706 0.882497 26.406656
-1.096958 1.284398 32.915556
-0.986511 1.111363 33.036728
-0.846869 1.396236 33.909719
0.185775 1.024598 27.418350
-1.319309 1.202750 34.044506
0.033219 0.945323 26.631794
0.060992 0.952211 26.412328
-1.220257 1.102317 29.910281
-1.442256 1.211630 32.785867
0.047897 1.015031 28.752403
0.110796 1.310801 31.581433
-1.533522 1.129100 33.077575
-1.489093 1.046900 32.746389
-0.084973 1.093086 29.430886
-0.115732 1.167280 27.133619
-1.595075 1.241145 32.874086
-1.101260 1.164524 31.799544
-0.187799 1.121492 28.004069
-0.184286 1.083814 29.813558
-1.673469 1.331941 32.138789
-0.245798 1.078162 28.793881
-1.594439 1.277473 33.021308
-0.303238 1.007230 27.475417
-0.320659 1.125900 27.612939
-0.274411 1.127721 27.566275
-0.329130 0.983751 27.364269
